 IPER  ISTEP           DLEN           ILYR    IROW   ICOL            XCORD               YCORD                      FlowX                    FlowY                   FlowZ
 1          1          0.38313807       1          1          1          0.50000000       -0.50000000      -6.06415747e-03  0.00000000e+00   0.00000000e+00  
 1          1          0.38313807       1          1          2          1.50000000       -0.50000000      6.06415747e-03   0.00000000e+00   0.00000000e+00  
 1          1          0.38313807       1          1          3          2.50000000       -0.50000000      0.00000000e+00   0.00000000e+00   0.00000000e+00  
 1          2          0.40229497       1          1          1          0.50000000       -0.50000000      -5.89856576e-03  0.00000000e+00   0.00000000e+00  
 1          2          0.40229497       1          1          2          1.50000000       -0.50000000      5.89856576e-03   0.00000000e+00   0.00000000e+00  
 1          2          0.40229497       1          1          3          2.50000000       -0.50000000      0.00000000e+00   0.00000000e+00   0.00000000e+00  
 1          3          0.42240972       1          1          1          0.50000000       -0.50000000      -5.74239605e-03  0.00000000e+00   0.00000000e+00  
 1          3          0.42240972       1          1          2          1.50000000       -0.50000000      5.74239605e-03   0.00000000e+00   0.00000000e+00  
 1          3          0.42240972       1          1          3          2.50000000       -0.50000000      0.00000000e+00   0.00000000e+00   0.00000000e+00  
 1          4          0.44353021       1          1          1          0.50000000       -0.50000000      -5.59520928e-03  0.00000000e+00   0.00000000e+00  
 1          4          0.44353021       1          1          2          1.50000000       -0.50000000      5.59520928e-03   0.00000000e+00   0.00000000e+00  
 1          4          0.44353021       1          1          3          2.50000000       -0.50000000      0.00000000e+00   0.00000000e+00   0.00000000e+00  
 1          5          0.46570672       1          1          1          0.50000000       -0.50000000      -5.45657899e-03  0.00000000e+00   0.00000000e+00  
 1          5          0.46570672       1          1          2          1.50000000       -0.50000000      5.45657899e-03   0.00000000e+00   0.00000000e+00  
 1          5          0.46570672       1          1          3          2.50000000       -0.50000000      0.00000000e+00   0.00000000e+00   0.00000000e+00  
 1          6          0.48899205       1          1          1          0.50000000       -0.50000000      -5.32609278e-03  0.00000000e+00   0.00000000e+00  
 1          6          0.48899205       1          1          2          1.50000000       -0.50000000      5.32609278e-03   0.00000000e+00   0.00000000e+00  
 1          6          0.48899205       1          1          3          2.50000000       -0.50000000      0.00000000e+00   0.00000000e+00   0.00000000e+00  
 1          7          0.51344166       1          1          1          0.50000000       -0.50000000      -5.20335348e-03  0.00000000e+00   0.00000000e+00  
 1          7          0.51344166       1          1          2          1.50000000       -0.50000000      5.20335348e-03   0.00000000e+00   0.00000000e+00  
 1          7          0.51344166       1          1          3          2.50000000       -0.50000000      0.00000000e+00   0.00000000e+00   0.00000000e+00  
 1          8          0.53911374       1          1          1          0.50000000       -0.50000000      -5.08798008e-03  0.00000000e+00   0.00000000e+00  
 1          8          0.53911374       1          1          2          1.50000000       -0.50000000      5.08798008e-03   0.00000000e+00   0.00000000e+00  
 1          8          0.53911374       1          1          3          2.50000000       -0.50000000      0.00000000e+00   0.00000000e+00   0.00000000e+00  
 1          9          0.56606943       1          1          1          0.50000000       -0.50000000      -4.97960834e-03  0.00000000e+00   0.00000000e+00  
 1          9          0.56606943       1          1          2          1.50000000       -0.50000000      4.97960834e-03   0.00000000e+00   0.00000000e+00  
 1          9          0.56606943       1          1          3          2.50000000       -0.50000000      0.00000000e+00   0.00000000e+00   0.00000000e+00  
 1          10         0.59437290       1          1          1          0.50000000       -0.50000000      -4.87789125e-03  0.00000000e+00   0.00000000e+00  
 1          10         0.59437290       1          1          2          1.50000000       -0.50000000      4.87789125e-03   0.00000000e+00   0.00000000e+00  
 1          10         0.59437290       1          1          3          2.50000000       -0.50000000      0.00000000e+00   0.00000000e+00   0.00000000e+00  
 1          11         0.62409154       1          1          1          0.50000000       -0.50000000      -4.78249924e-03  0.00000000e+00   0.00000000e+00  
 1          11         0.62409154       1          1          2          1.50000000       -0.50000000      4.78249924e-03   0.00000000e+00   0.00000000e+00  
 1          11         0.62409154       1          1          3          2.50000000       -0.50000000      0.00000000e+00   0.00000000e+00   0.00000000e+00  
 1          12         0.65529612       1          1          1          0.50000000       -0.50000000      -4.69312023e-03  0.00000000e+00   0.00000000e+00  
 1          12         0.65529612       1          1          2          1.50000000       -0.50000000      4.69312023e-03   0.00000000e+00   0.00000000e+00  
 1          12         0.65529612       1          1          3          2.50000000       -0.50000000      0.00000000e+00   0.00000000e+00   0.00000000e+00  
 1          13         0.68806093       1          1          1          0.50000000       -0.50000000      -4.60945960e-03  0.00000000e+00   0.00000000e+00  
 1          13         0.68806093       1          1          2          1.50000000       -0.50000000      4.60945960e-03   0.00000000e+00   0.00000000e+00  
 1          13         0.68806093       1          1          3          2.50000000       -0.50000000      0.00000000e+00   0.00000000e+00   0.00000000e+00  
 1          14         0.72246397       1          1          1          0.50000000       -0.50000000      -4.53123994e-03  0.00000000e+00   0.00000000e+00  
 1          14         0.72246397       1          1          2          1.50000000       -0.50000000      4.53123994e-03   0.00000000e+00   0.00000000e+00  
 1          14         0.72246397       1          1          3          2.50000000       -0.50000000      0.00000000e+00   0.00000000e+00   0.00000000e+00  
 1          15         0.75858717       1          1          1          0.50000000       -0.50000000      -4.45820080e-03  0.00000000e+00   0.00000000e+00  
 1          15         0.75858717       1          1          2          1.50000000       -0.50000000      4.45820080e-03   0.00000000e+00   0.00000000e+00  
 1          15         0.75858717       1          1          3          2.50000000       -0.50000000      0.00000000e+00   0.00000000e+00   0.00000000e+00  
 1          16         0.79651653       1          1          1          0.50000000       -0.50000000      -4.39009831e-03  0.00000000e+00   0.00000000e+00  
 1          16         0.79651653       1          1          2          1.50000000       -0.50000000      4.39009831e-03   0.00000000e+00   0.00000000e+00  
 1          16         0.79651653       1          1          3          2.50000000       -0.50000000      0.00000000e+00   0.00000000e+00   0.00000000e+00  
 1          17         0.83634236       1          1          1          0.50000000       -0.50000000      -4.32670476e-03  0.00000000e+00   0.00000000e+00  
 1          17         0.83634236       1          1          2          1.50000000       -0.50000000      4.32670476e-03   0.00000000e+00   0.00000000e+00  
 1          17         0.83634236       1          1          3          2.50000000       -0.50000000      0.00000000e+00   0.00000000e+00   0.00000000e+00  
 1          18         0.87815947       1          1          1          0.50000000       -0.50000000      -4.26780812e-03  0.00000000e+00   0.00000000e+00  
 1          18         0.87815947       1          1          2          1.50000000       -0.50000000      4.26780812e-03   0.00000000e+00   0.00000000e+00  
 1          18         0.87815947       1          1          3          2.50000000       -0.50000000      0.00000000e+00   0.00000000e+00   0.00000000e+00  
 1          19         0.92206745       1          1          1          0.50000000       -0.50000000      -4.21321157e-03  0.00000000e+00   0.00000000e+00  
 1          19         0.92206745       1          1          2          1.50000000       -0.50000000      4.21321157e-03   0.00000000e+00   0.00000000e+00  
 1          19         0.92206745       1          1          3          2.50000000       -0.50000000      0.00000000e+00   0.00000000e+00   0.00000000e+00  
 1          20         0.96817082       1          1          1          0.50000000       -0.50000000      -4.16273295e-03  0.00000000e+00   0.00000000e+00  
 1          20         0.96817082       1          1          2          1.50000000       -0.50000000      4.16273295e-03   0.00000000e+00   0.00000000e+00  
 1          20         0.96817082       1          1          3          2.50000000       -0.50000000      0.00000000e+00   0.00000000e+00   0.00000000e+00  
 1          21         1.01657936       1          1          1          0.50000000       -0.50000000      -4.11620425e-03  0.00000000e+00   0.00000000e+00  
 1          21         1.01657936       1          1          2          1.50000000       -0.50000000      4.11620425e-03   0.00000000e+00   0.00000000e+00  
 1          21         1.01657936       1          1          3          2.50000000       -0.50000000      0.00000000e+00   0.00000000e+00   0.00000000e+00  
 1          22         1.06740833       1          1          1          0.50000000       -0.50000000      -4.07347108e-03  0.00000000e+00   0.00000000e+00  
 1          22         1.06740833       1          1          2          1.50000000       -0.50000000      4.07347108e-03   0.00000000e+00   0.00000000e+00  
 1          22         1.06740833       1          1          3          2.50000000       -0.50000000      0.00000000e+00   0.00000000e+00   0.00000000e+00  
 1          23         1.12077875       1          1          1          0.50000000       -0.50000000      -4.03439215e-03  0.00000000e+00   0.00000000e+00  
 1          23         1.12077875       1          1          2          1.50000000       -0.50000000      4.03439215e-03   0.00000000e+00   0.00000000e+00  
 1          23         1.12077875       1          1          3          2.50000000       -0.50000000      0.00000000e+00   0.00000000e+00   0.00000000e+00  
 1          24         1.17681768       1          1          1          0.50000000       -0.50000000      -3.99883875e-03  0.00000000e+00   0.00000000e+00  
 1          24         1.17681768       1          1          2          1.50000000       -0.50000000      3.99883875e-03   0.00000000e+00   0.00000000e+00  
 1          24         1.17681768       1          1          3          2.50000000       -0.50000000      0.00000000e+00   0.00000000e+00   0.00000000e+00  
 1          25         1.23565857       1          1          1          0.50000000       -0.50000000      -3.96669425e-03  0.00000000e+00   0.00000000e+00  
 1          25         1.23565857       1          1          2          1.50000000       -0.50000000      3.96669425e-03   0.00000000e+00   0.00000000e+00  
 1          25         1.23565857       1          1          3          2.50000000       -0.50000000      0.00000000e+00   0.00000000e+00   0.00000000e+00  
 1          26         1.29744149       1          1          1          0.50000000       -0.50000000      -3.93785363e-03  0.00000000e+00   0.00000000e+00  
 1          26         1.29744149       1          1          2          1.50000000       -0.50000000      3.93785363e-03   0.00000000e+00   0.00000000e+00  
 1          26         1.29744149       1          1          3          2.50000000       -0.50000000      0.00000000e+00   0.00000000e+00   0.00000000e+00  
 1          27         1.36231357       1          1          1          0.50000000       -0.50000000      -3.91222299e-03  0.00000000e+00   0.00000000e+00  
 1          27         1.36231357       1          1          2          1.50000000       -0.50000000      3.91222299e-03   0.00000000e+00   0.00000000e+00  
 1          27         1.36231357       1          1          3          2.50000000       -0.50000000      0.00000000e+00   0.00000000e+00   0.00000000e+00  
 1          28         1.43042925       1          1          1          0.50000000       -0.50000000      -3.88971914e-03  0.00000000e+00   0.00000000e+00  
 1          28         1.43042925       1          1          2          1.50000000       -0.50000000      3.88971914e-03   0.00000000e+00   0.00000000e+00  
 1          28         1.43042925       1          1          3          2.50000000       -0.50000000      0.00000000e+00   0.00000000e+00   0.00000000e+00  
 1          29         1.50195071       1          1          1          0.50000000       -0.50000000      -3.87026918e-03  0.00000000e+00   0.00000000e+00  
 1          29         1.50195071       1          1          2          1.50000000       -0.50000000      3.87026918e-03   0.00000000e+00   0.00000000e+00  
 1          29         1.50195071       1          1          3          2.50000000       -0.50000000      0.00000000e+00   0.00000000e+00   0.00000000e+00  
 1          30         1.57704825       1          1          1          0.50000000       -0.50000000      -3.85381008e-03  0.00000000e+00   0.00000000e+00  
 1          30         1.57704825       1          1          2          1.50000000       -0.50000000      3.85381008e-03   0.00000000e+00   0.00000000e+00  
 1          30         1.57704825       1          1          3          2.50000000       -0.50000000      0.00000000e+00   0.00000000e+00   0.00000000e+00  
 1          31         1.65590066       1          1          1          0.50000000       -0.50000000      -3.84028835e-03  0.00000000e+00   0.00000000e+00  
 1          31         1.65590066       1          1          2          1.50000000       -0.50000000      3.84028835e-03   0.00000000e+00   0.00000000e+00  
 1          31         1.65590066       1          1          3          2.50000000       -0.50000000      0.00000000e+00   0.00000000e+00   0.00000000e+00  
 1          32         1.73869569       1          1          1          0.50000000       -0.50000000      -3.82965968e-03  0.00000000e+00   0.00000000e+00  
 1          32         1.73869569       1          1          2          1.50000000       -0.50000000      3.82965968e-03   0.00000000e+00   0.00000000e+00  
 1          32         1.73869569       1          1          3          2.50000000       -0.50000000      0.00000000e+00   0.00000000e+00   0.00000000e+00  
 1          33         1.82563048       1          1          1          0.50000000       -0.50000000      -3.82188862e-03  0.00000000e+00   0.00000000e+00  
 1          33         1.82563048       1          1          2          1.50000000       -0.50000000      3.82188862e-03   0.00000000e+00   0.00000000e+00  
 1          33         1.82563048       1          1          3          2.50000000       -0.50000000      0.00000000e+00   0.00000000e+00   0.00000000e+00  
 1          34         1.91691200       1          1          1          0.50000000       -0.50000000      -3.81694831e-03  0.00000000e+00   0.00000000e+00  
 1          34         1.91691200       1          1          2          1.50000000       -0.50000000      3.81694831e-03   0.00000000e+00   0.00000000e+00  
 1          34         1.91691200       1          1          3          2.50000000       -0.50000000      0.00000000e+00   0.00000000e+00   0.00000000e+00  
 1          35         2.01275760       1          1          1          0.50000000       -0.50000000      -3.81482018e-03  0.00000000e+00   0.00000000e+00  
 1          35         2.01275760       1          1          2          1.50000000       -0.50000000      3.81482018e-03   0.00000000e+00   0.00000000e+00  
 1          35         2.01275760       1          1          3          2.50000000       -0.50000000      0.00000000e+00   0.00000000e+00   0.00000000e+00  
 1          36         2.11339548       1          1          1          0.50000000       -0.50000000      -3.81549374e-03  0.00000000e+00   0.00000000e+00  
 1          36         2.11339548       1          1          2          1.50000000       -0.50000000      3.81549374e-03   0.00000000e+00   0.00000000e+00  
 1          36         2.11339548       1          1          3          2.50000000       -0.50000000      0.00000000e+00   0.00000000e+00   0.00000000e+00  
 1          37         2.21906525       1          1          1          0.50000000       -0.50000000      -3.81896632e-03  0.00000000e+00   0.00000000e+00  
 1          37         2.21906525       1          1          2          1.50000000       -0.50000000      3.81896632e-03   0.00000000e+00   0.00000000e+00  
 1          37         2.21906525       1          1          3          2.50000000       -0.50000000      0.00000000e+00   0.00000000e+00   0.00000000e+00  
 1          38         2.33001852       1          1          1          0.50000000       -0.50000000      -3.82524290e-03  0.00000000e+00   0.00000000e+00  
 1          38         2.33001852       1          1          2          1.50000000       -0.50000000      3.82524290e-03   0.00000000e+00   0.00000000e+00  
 1          38         2.33001852       1          1          3          2.50000000       -0.50000000      0.00000000e+00   0.00000000e+00   0.00000000e+00  
 1          39         2.44651944       1          1          1          0.50000000       -0.50000000      -3.83433590e-03  0.00000000e+00   0.00000000e+00  
 1          39         2.44651944       1          1          2          1.50000000       -0.50000000      3.83433590e-03   0.00000000e+00   0.00000000e+00  
 1          39         2.44651944       1          1          3          2.50000000       -0.50000000      0.00000000e+00   0.00000000e+00   0.00000000e+00  
 1          40         2.56884541       1          1          1          0.50000000       -0.50000000      -3.84626513e-03  0.00000000e+00   0.00000000e+00  
 1          40         2.56884541       1          1          2          1.50000000       -0.50000000      3.84626513e-03   0.00000000e+00   0.00000000e+00  
 1          40         2.56884541       1          1          3          2.50000000       -0.50000000      0.00000000e+00   0.00000000e+00   0.00000000e+00  
 1          41         2.69728768       1          1          1          0.50000000       -0.50000000      -3.86105723e-03  0.00000000e+00   0.00000000e+00  
 1          41         2.69728768       1          1          2          1.50000000       -0.50000000      3.86105723e-03   0.00000000e+00   0.00000000e+00  
 1          41         2.69728768       1          1          3          2.50000000       -0.50000000      0.00000000e+00   0.00000000e+00   0.00000000e+00  
 1          42         2.83215207       1          1          1          0.50000000       -0.50000000      -3.87874613e-03  0.00000000e+00   0.00000000e+00  
 1          42         2.83215207       1          1          2          1.50000000       -0.50000000      3.87874613e-03   0.00000000e+00   0.00000000e+00  
 1          42         2.83215207       1          1          3          2.50000000       -0.50000000      0.00000000e+00   0.00000000e+00   0.00000000e+00  
 1          43         2.97375967       1          1          1          0.50000000       -0.50000000      -3.89937250e-03  0.00000000e+00   0.00000000e+00  
 1          43         2.97375967       1          1          2          1.50000000       -0.50000000      3.89937250e-03   0.00000000e+00   0.00000000e+00  
 1          43         2.97375967       1          1          3          2.50000000       -0.50000000      0.00000000e+00   0.00000000e+00   0.00000000e+00  
 1          44         3.12244766       1          1          1          0.50000000       -0.50000000      -3.92298375e-03  0.00000000e+00   0.00000000e+00  
 1          44         3.12244766       1          1          2          1.50000000       -0.50000000      3.92298375e-03   0.00000000e+00   0.00000000e+00  
 1          44         3.12244766       1          1          3          2.50000000       -0.50000000      0.00000000e+00   0.00000000e+00   0.00000000e+00  
 1          45         3.27857004       1          1          1          0.50000000       -0.50000000      -3.94963390e-03  0.00000000e+00   0.00000000e+00  
 1          45         3.27857004       1          1          2          1.50000000       -0.50000000      3.94963390e-03   0.00000000e+00   0.00000000e+00  
 1          45         3.27857004       1          1          3          2.50000000       -0.50000000      0.00000000e+00   0.00000000e+00   0.00000000e+00  
 1          46         3.44249854       1          1          1          0.50000000       -0.50000000      -3.97938342e-03  0.00000000e+00   0.00000000e+00  
 1          46         3.44249854       1          1          2          1.50000000       -0.50000000      3.97938342e-03   0.00000000e+00   0.00000000e+00  
 1          46         3.44249854       1          1          3          2.50000000       -0.50000000      0.00000000e+00   0.00000000e+00   0.00000000e+00  
 1          47         3.61462347       1          1          1          0.50000000       -0.50000000      -4.01229916e-03  0.00000000e+00   0.00000000e+00  
 1          47         3.61462347       1          1          2          1.50000000       -0.50000000      4.01229916e-03   0.00000000e+00   0.00000000e+00  
 1          47         3.61462347       1          1          3          2.50000000       -0.50000000      0.00000000e+00   0.00000000e+00   0.00000000e+00  
 1          48         3.79535464       1          1          1          0.50000000       -0.50000000      -4.04845417e-03  0.00000000e+00   0.00000000e+00  
 1          48         3.79535464       1          1          2          1.50000000       -0.50000000      4.04845417e-03   0.00000000e+00   0.00000000e+00  
 1          48         3.79535464       1          1          3          2.50000000       -0.50000000      0.00000000e+00   0.00000000e+00   0.00000000e+00  
 1          49         3.98512237       1          1          1          0.50000000       -0.50000000      -4.08792757e-03  0.00000000e+00   0.00000000e+00  
 1          49         3.98512237       1          1          2          1.50000000       -0.50000000      4.08792757e-03   0.00000000e+00   0.00000000e+00  
 1          49         3.98512237       1          1          3          2.50000000       -0.50000000      0.00000000e+00   0.00000000e+00   0.00000000e+00  
 1          50         4.18437849       1          1          1          0.50000000       -0.50000000      -4.13080439e-03  0.00000000e+00   0.00000000e+00  
 1          50         4.18437849       1          1          2          1.50000000       -0.50000000      4.13080439e-03   0.00000000e+00   0.00000000e+00  
 1          50         4.18437849       1          1          3          2.50000000       -0.50000000      0.00000000e+00   0.00000000e+00   0.00000000e+00  
 1          51         4.39359742       1          1          1          0.50000000       -0.50000000      -4.17717535e-03  0.00000000e+00   0.00000000e+00  
 1          51         4.39359742       1          1          2          1.50000000       -0.50000000      4.17717535e-03   0.00000000e+00   0.00000000e+00  
 1          51         4.39359742       1          1          3          2.50000000       -0.50000000      0.00000000e+00   0.00000000e+00   0.00000000e+00  
 1          52         4.61327729       1          1          1          0.50000000       -0.50000000      -4.22713670e-03  0.00000000e+00   0.00000000e+00  
 1          52         4.61327729       1          1          2          1.50000000       -0.50000000      4.22713670e-03   0.00000000e+00   0.00000000e+00  
 1          52         4.61327729       1          1          3          2.50000000       -0.50000000      0.00000000e+00   0.00000000e+00   0.00000000e+00  
 1          53         4.84394115       1          1          1          0.50000000       -0.50000000      -4.28078994e-03  0.00000000e+00   0.00000000e+00  
 1          53         4.84394115       1          1          2          1.50000000       -0.50000000      4.28078994e-03   0.00000000e+00   0.00000000e+00  
 1          53         4.84394115       1          1          3          2.50000000       -0.50000000      0.00000000e+00   0.00000000e+00   0.00000000e+00  
 1          54         5.08613821       1          1          1          0.50000000       -0.50000000      -4.33824156e-03  0.00000000e+00   0.00000000e+00  
 1          54         5.08613821       1          1          2          1.50000000       -0.50000000      4.33824156e-03   0.00000000e+00   0.00000000e+00  
 1          54         5.08613821       1          1          3          2.50000000       -0.50000000      0.00000000e+00   0.00000000e+00   0.00000000e+00  
 1          55         5.34044512       1          1          1          0.50000000       -0.50000000      -4.39960270e-03  0.00000000e+00   0.00000000e+00  
 1          55         5.34044512       1          1          2          1.50000000       -0.50000000      4.39960270e-03   0.00000000e+00   0.00000000e+00  
 1          55         5.34044512       1          1          3          2.50000000       -0.50000000      0.00000000e+00   0.00000000e+00   0.00000000e+00  
 1          56         5.60746738       1          1          1          0.50000000       -0.50000000      -4.46498886e-03  0.00000000e+00   0.00000000e+00  
 1          56         5.60746738       1          1          2          1.50000000       -0.50000000      4.46498886e-03   0.00000000e+00   0.00000000e+00  
 1          56         5.60746738       1          1          3          2.50000000       -0.50000000      0.00000000e+00   0.00000000e+00   0.00000000e+00  
 1          57         5.88784074       1          1          1          0.50000000       -0.50000000      -4.53451939e-03  0.00000000e+00   0.00000000e+00  
 1          57         5.88784074       1          1          2          1.50000000       -0.50000000      4.53451939e-03   0.00000000e+00   0.00000000e+00  
 1          57         5.88784074       1          1          3          2.50000000       -0.50000000      0.00000000e+00   0.00000000e+00   0.00000000e+00  
 1          58         6.18223278       1          1          1          0.50000000       -0.50000000      -4.60831715e-03  0.00000000e+00   0.00000000e+00  
 1          58         6.18223278       1          1          2          1.50000000       -0.50000000      4.60831715e-03   0.00000000e+00   0.00000000e+00  
 1          58         6.18223278       1          1          3          2.50000000       -0.50000000      0.00000000e+00   0.00000000e+00   0.00000000e+00  
 1          59         6.49134442       1          1          1          0.50000000       -0.50000000      -4.68650791e-03  0.00000000e+00   0.00000000e+00  
 1          59         6.49134442       1          1          2          1.50000000       -0.50000000      4.68650791e-03   0.00000000e+00   0.00000000e+00  
 1          59         6.49134442       1          1          3          2.50000000       -0.50000000      0.00000000e+00   0.00000000e+00   0.00000000e+00  
 1          60         6.81591164       1          1          1          0.50000000       -0.50000000      -4.76921987e-03  0.00000000e+00   0.00000000e+00  
 1          60         6.81591164       1          1          2          1.50000000       -0.50000000      4.76921987e-03   0.00000000e+00   0.00000000e+00  
 1          60         6.81591164       1          1          3          2.50000000       -0.50000000      0.00000000e+00   0.00000000e+00   0.00000000e+00  
 1          61         7.15670722       1          1          1          0.50000000       -0.50000000      -4.85658301e-03  0.00000000e+00   0.00000000e+00  
 1          61         7.15670722       1          1          2          1.50000000       -0.50000000      4.85658301e-03   0.00000000e+00   0.00000000e+00  
 1          61         7.15670722       1          1          3          2.50000000       -0.50000000      0.00000000e+00   0.00000000e+00   0.00000000e+00  
 1          62         7.51454258       1          1          1          0.50000000       -0.50000000      -4.94872842e-03  0.00000000e+00   0.00000000e+00  
 1          62         7.51454258       1          1          2          1.50000000       -0.50000000      4.94872842e-03   0.00000000e+00   0.00000000e+00  
 1          62         7.51454258       1          1          3          2.50000000       -0.50000000      0.00000000e+00   0.00000000e+00   0.00000000e+00  
 1          63         7.89026971       1          1          1          0.50000000       -0.50000000      -5.04578765e-03  0.00000000e+00   0.00000000e+00  
 1          63         7.89026971       1          1          2          1.50000000       -0.50000000      5.04578765e-03   0.00000000e+00   0.00000000e+00  
 1          63         7.89026971       1          1          3          2.50000000       -0.50000000      0.00000000e+00   0.00000000e+00   0.00000000e+00  
 1          64         8.28478320       1          1          1          0.50000000       -0.50000000      -5.14789192e-03  0.00000000e+00   0.00000000e+00  
 1          64         8.28478320       1          1          2          1.50000000       -0.50000000      5.14789192e-03   0.00000000e+00   0.00000000e+00  
 1          64         8.28478320       1          1          3          2.50000000       -0.50000000      0.00000000e+00   0.00000000e+00   0.00000000e+00  
 1          65         8.69902236       1          1          1          0.50000000       -0.50000000      -5.25517132e-03  0.00000000e+00   0.00000000e+00  
 1          65         8.69902236       1          1          2          1.50000000       -0.50000000      5.25517132e-03   0.00000000e+00   0.00000000e+00  
 1          65         8.69902236       1          1          3          2.50000000       -0.50000000      0.00000000e+00   0.00000000e+00   0.00000000e+00  
 1          66         9.13397348       1          1          1          0.50000000       -0.50000000      -5.36775404e-03  0.00000000e+00   0.00000000e+00  
 1          66         9.13397348       1          1          2          1.50000000       -0.50000000      5.36775404e-03   0.00000000e+00   0.00000000e+00  
 1          66         9.13397348       1          1          3          2.50000000       -0.50000000      0.00000000e+00   0.00000000e+00   0.00000000e+00  
 1          67         9.59067215       1          1          1          0.50000000       -0.50000000      -5.48576548e-03  0.00000000e+00   0.00000000e+00  
 1          67         9.59067215       1          1          2          1.50000000       -0.50000000      5.48576548e-03   0.00000000e+00   0.00000000e+00  
 1          67         9.59067215       1          1          3          2.50000000       -0.50000000      0.00000000e+00   0.00000000e+00   0.00000000e+00  
 1          68         10.07020576      1          1          1          0.50000000       -0.50000000      -5.60940506e-03  0.00000000e+00   0.00000000e+00  
 1          68         10.07020576      1          1          2          1.50000000       -0.50000000      5.60940506e-03   0.00000000e+00   0.00000000e+00  
 1          68         10.07020576      1          1          3          2.50000000       -0.50000000      0.00000000e+00   0.00000000e+00   0.00000000e+00  
 1          69         10.57371605      1          1          1          0.50000000       -0.50000000      -5.73863086e-03  0.00000000e+00   0.00000000e+00  
 1          69         10.57371605      1          1          2          1.50000000       -0.50000000      5.73863086e-03   0.00000000e+00   0.00000000e+00  
 1          69         10.57371605      1          1          3          2.50000000       -0.50000000      0.00000000e+00   0.00000000e+00   0.00000000e+00  
 1          70         11.10240185      1          1          1          0.50000000       -0.50000000      -5.87363670e-03  0.00000000e+00   0.00000000e+00  
 1          70         11.10240185      1          1          2          1.50000000       -0.50000000      5.87363670e-03   0.00000000e+00   0.00000000e+00  
 1          70         11.10240185      1          1          3          2.50000000       -0.50000000      0.00000000e+00   0.00000000e+00   0.00000000e+00  
 1          71         11.65752194      1          1          1          0.50000000       -0.50000000      -6.01452819e-03  0.00000000e+00   0.00000000e+00  
 1          71         11.65752194      1          1          2          1.50000000       -0.50000000      6.01452819e-03   0.00000000e+00   0.00000000e+00  
 1          71         11.65752194      1          1          3          2.50000000       -0.50000000      0.00000000e+00   0.00000000e+00   0.00000000e+00  
 1          72         12.24039804      1          1          1          0.50000000       -0.50000000      -6.16140382e-03  0.00000000e+00   0.00000000e+00  
 1          72         12.24039804      1          1          2          1.50000000       -0.50000000      6.16140382e-03   0.00000000e+00   0.00000000e+00  
 1          72         12.24039804      1          1          3          2.50000000       -0.50000000      0.00000000e+00   0.00000000e+00   0.00000000e+00  
 1          73         12.85241794      1          1          1          0.50000000       -0.50000000      -6.31435400e-03  0.00000000e+00   0.00000000e+00  
 1          73         12.85241794      1          1          2          1.50000000       -0.50000000      6.31435400e-03   0.00000000e+00   0.00000000e+00  
 1          73         12.85241794      1          1          3          2.50000000       -0.50000000      0.00000000e+00   0.00000000e+00   0.00000000e+00  
 1          74         13.49503884      1          1          1          0.50000000       -0.50000000      -6.47346011e-03  0.00000000e+00   0.00000000e+00  
 1          74         13.49503884      1          1          2          1.50000000       -0.50000000      6.47346011e-03   0.00000000e+00   0.00000000e+00  
 1          74         13.49503884      1          1          3          2.50000000       -0.50000000      0.00000000e+00   0.00000000e+00   0.00000000e+00  
 1          75         14.16979078      1          1          1          0.50000000       -0.50000000      -6.63879356e-03  0.00000000e+00   0.00000000e+00  
 1          75         14.16979078      1          1          2          1.50000000       -0.50000000      6.63879356e-03   0.00000000e+00   0.00000000e+00  
 1          75         14.16979078      1          1          3          2.50000000       -0.50000000      0.00000000e+00   0.00000000e+00   0.00000000e+00  
 1          76         14.87828032      1          1          1          0.50000000       -0.50000000      -6.81041469e-03  0.00000000e+00   0.00000000e+00  
 1          76         14.87828032      1          1          2          1.50000000       -0.50000000      6.81041469e-03   0.00000000e+00   0.00000000e+00  
 1          76         14.87828032      1          1          3          2.50000000       -0.50000000      0.00000000e+00   0.00000000e+00   0.00000000e+00  
 1          77         15.62219433      1          1          1          0.50000000       -0.50000000      -6.98837160e-03  0.00000000e+00   0.00000000e+00  
 1          77         15.62219433      1          1          2          1.50000000       -0.50000000      6.98837160e-03   0.00000000e+00   0.00000000e+00  
 1          77         15.62219433      1          1          3          2.50000000       -0.50000000      0.00000000e+00   0.00000000e+00   0.00000000e+00  
 1          78         16.40330405      1          1          1          0.50000000       -0.50000000      -7.17269882e-03  0.00000000e+00   0.00000000e+00  
 1          78         16.40330405      1          1          2          1.50000000       -0.50000000      7.17269882e-03   0.00000000e+00   0.00000000e+00  
 1          78         16.40330405      1          1          3          2.50000000       -0.50000000      0.00000000e+00   0.00000000e+00   0.00000000e+00  
 1          79         17.22346925      1          1          1          0.50000000       -0.50000000      -7.36341583e-03  0.00000000e+00   0.00000000e+00  
 1          79         17.22346925      1          1          2          1.50000000       -0.50000000      7.36341583e-03   0.00000000e+00   0.00000000e+00  
 1          79         17.22346925      1          1          3          2.50000000       -0.50000000      0.00000000e+00   0.00000000e+00   0.00000000e+00  
 1          80         18.08464272      1          1          1          0.50000000       -0.50000000      -7.56052527e-03  0.00000000e+00   0.00000000e+00  
 1          80         18.08464272      1          1          2          1.50000000       -0.50000000      7.56052527e-03   0.00000000e+00   0.00000000e+00  
 1          80         18.08464272      1          1          3          2.50000000       -0.50000000      0.00000000e+00   0.00000000e+00   0.00000000e+00  
 1          81         18.98887485      1          1          1          0.50000000       -0.50000000      -7.76401100e-03  0.00000000e+00   0.00000000e+00  
 1          81         18.98887485      1          1          2          1.50000000       -0.50000000      7.76401100e-03   0.00000000e+00   0.00000000e+00  
 1          81         18.98887485      1          1          3          2.50000000       -0.50000000      0.00000000e+00   0.00000000e+00   0.00000000e+00  
 1          82         19.93831860      1          1          1          0.50000000       -0.50000000      -7.97383580e-03  0.00000000e+00   0.00000000e+00  
 1          82         19.93831860      1          1          2          1.50000000       -0.50000000      7.97383580e-03   0.00000000e+00   0.00000000e+00  
 1          82         19.93831860      1          1          3          2.50000000       -0.50000000      0.00000000e+00   0.00000000e+00   0.00000000e+00  
 1          83         20.93523452      1          1          1          0.50000000       -0.50000000      -8.18993879e-03  0.00000000e+00   0.00000000e+00  
 1          83         20.93523452      1          1          2          1.50000000       -0.50000000      8.18993879e-03   0.00000000e+00   0.00000000e+00  
 1          83         20.93523452      1          1          3          2.50000000       -0.50000000      0.00000000e+00   0.00000000e+00   0.00000000e+00  
 1          84         21.98199625      1          1          1          0.50000000       -0.50000000      -8.41223258e-03  0.00000000e+00   0.00000000e+00  
 1          84         21.98199625      1          1          2          1.50000000       -0.50000000      8.41223258e-03   0.00000000e+00   0.00000000e+00  
 1          84         21.98199625      1          1          3          2.50000000       -0.50000000      0.00000000e+00   0.00000000e+00   0.00000000e+00  
 1          85         23.08109606      1          1          1          0.50000000       -0.50000000      -8.64060015e-03  0.00000000e+00   0.00000000e+00  
 1          85         23.08109606      1          1          2          1.50000000       -0.50000000      8.64060015e-03   0.00000000e+00   0.00000000e+00  
 1          85         23.08109606      1          1          3          2.50000000       -0.50000000      0.00000000e+00   0.00000000e+00   0.00000000e+00  
 1          86         24.23515087      1          1          1          0.50000000       -0.50000000      -8.87489152e-03  0.00000000e+00   0.00000000e+00  
 1          86         24.23515087      1          1          2          1.50000000       -0.50000000      8.87489152e-03   0.00000000e+00   0.00000000e+00  
 1          86         24.23515087      1          1          3          2.50000000       -0.50000000      0.00000000e+00   0.00000000e+00   0.00000000e+00  
 1          87         25.44690841      1          1          1          0.50000000       -0.50000000      -9.11492040e-03  0.00000000e+00   0.00000000e+00  
 1          87         25.44690841      1          1          2          1.50000000       -0.50000000      9.11492040e-03   0.00000000e+00   0.00000000e+00  
 1          87         25.44690841      1          1          3          2.50000000       -0.50000000      0.00000000e+00   0.00000000e+00   0.00000000e+00  
 1          88         26.71925383      1          1          1          0.50000000       -0.50000000      -9.36046066e-03  0.00000000e+00   0.00000000e+00  
 1          88         26.71925383      1          1          2          1.50000000       -0.50000000      9.36046066e-03   0.00000000e+00   0.00000000e+00  
 1          88         26.71925383      1          1          3          2.50000000       -0.50000000      0.00000000e+00   0.00000000e+00   0.00000000e+00  
 1          89         28.05521652      1          1          1          0.50000000       -0.50000000      -9.61124313e-03  0.00000000e+00   0.00000000e+00  
 1          89         28.05521652      1          1          2          1.50000000       -0.50000000      9.61124313e-03   0.00000000e+00   0.00000000e+00  
 1          89         28.05521652      1          1          3          2.50000000       -0.50000000      0.00000000e+00   0.00000000e+00   0.00000000e+00  
 1          90         29.45797735      1          1          1          0.50000000       -0.50000000      -9.86695257e-03  0.00000000e+00   0.00000000e+00  
 1          90         29.45797735      1          1          2          1.50000000       -0.50000000      9.86695257e-03   0.00000000e+00   0.00000000e+00  
 1          90         29.45797735      1          1          3          2.50000000       -0.50000000      0.00000000e+00   0.00000000e+00   0.00000000e+00  
 1          91         30.93087622      1          1          1          0.50000000       -0.50000000      -1.01272251e-02  0.00000000e+00   0.00000000e+00  
 1          91         30.93087622      1          1          2          1.50000000       -0.50000000      1.01272251e-02   0.00000000e+00   0.00000000e+00  
 1          91         30.93087622      1          1          3          2.50000000       -0.50000000      0.00000000e+00   0.00000000e+00   0.00000000e+00  
 1          92         32.47742003      1          1          1          0.50000000       -0.50000000      -1.03916465e-02  0.00000000e+00   0.00000000e+00  
 1          92         32.47742003      1          1          2          1.50000000       -0.50000000      1.03916465e-02   0.00000000e+00   0.00000000e+00  
 1          92         32.47742003      1          1          3          2.50000000       -0.50000000      0.00000000e+00   0.00000000e+00   0.00000000e+00  
 1          93         34.10129103      1          1          1          0.50000000       -0.50000000      -1.06597506e-02  0.00000000e+00   0.00000000e+00  
 1          93         34.10129103      1          1          2          1.50000000       -0.50000000      1.06597506e-02   0.00000000e+00   0.00000000e+00  
 1          93         34.10129103      1          1          3          2.50000000       -0.50000000      0.00000000e+00   0.00000000e+00   0.00000000e+00  
 1          94         35.80635558      1          1          1          0.50000000       -0.50000000      -1.09310194e-02  0.00000000e+00   0.00000000e+00  
 1          94         35.80635558      1          1          2          1.50000000       -0.50000000      1.09310194e-02   0.00000000e+00   0.00000000e+00  
 1          94         35.80635558      1          1          3          2.50000000       -0.50000000      0.00000000e+00   0.00000000e+00   0.00000000e+00  
 1          95         37.59667336      1          1          1          0.50000000       -0.50000000      -1.12048840e-02  0.00000000e+00   0.00000000e+00  
 1          95         37.59667336      1          1          2          1.50000000       -0.50000000      1.12048840e-02   0.00000000e+00   0.00000000e+00  
 1          95         37.59667336      1          1          3          2.50000000       -0.50000000      0.00000000e+00   0.00000000e+00   0.00000000e+00  
 1          96         39.47650703      1          1          1          0.50000000       -0.50000000      -1.14807260e-02  0.00000000e+00   0.00000000e+00  
 1          96         39.47650703      1          1          2          1.50000000       -0.50000000      1.14807260e-02   0.00000000e+00   0.00000000e+00  
 1          96         39.47650703      1          1          3          2.50000000       -0.50000000      0.00000000e+00   0.00000000e+00   0.00000000e+00  
 1          97         41.45033238      1          1          1          0.50000000       -0.50000000      -1.17578806e-02  0.00000000e+00   0.00000000e+00  
 1          97         41.45033238      1          1          2          1.50000000       -0.50000000      1.17578806e-02   0.00000000e+00   0.00000000e+00  
 1          97         41.45033238      1          1          3          2.50000000       -0.50000000      0.00000000e+00   0.00000000e+00   0.00000000e+00  
 1          98         43.52284900      1          1          1          0.50000000       -0.50000000      -1.20356407e-02  0.00000000e+00   0.00000000e+00  
 1          98         43.52284900      1          1          2          1.50000000       -0.50000000      1.20356407e-02   0.00000000e+00   0.00000000e+00  
 1          98         43.52284900      1          1          3          2.50000000       -0.50000000      0.00000000e+00   0.00000000e+00   0.00000000e+00  
 1          99         45.69899145      1          1          1          0.50000000       -0.50000000      -1.23130628e-02  0.00000000e+00   0.00000000e+00  
 1          99         45.69899145      1          1          2          1.50000000       -0.50000000      1.23130628e-02   0.00000000e+00   0.00000000e+00  
 1          99         45.69899145      1          1          3          2.50000000       -0.50000000      0.00000000e+00   0.00000000e+00   0.00000000e+00  
 1          100        47.98394102      1          1          1          0.50000000       -0.50000000      -1.25897458e-02  0.00000000e+00   0.00000000e+00  
 1          100        47.98394102      1          1          2          1.50000000       -0.50000000      1.25897458e-02   0.00000000e+00   0.00000000e+00  
 1          100        47.98394102      1          1          3          2.50000000       -0.50000000      0.00000000e+00   0.00000000e+00   0.00000000e+00  
