 IPER  ISTEP           DLEN           ILYR    IROW   ICOL                     STA                     FBC                     CST                     IBE                     IBV                     WST                     CNH                     ABER
 1          1          0.38313807       1          1          1          -0.00000000e+00  6.06415747e-03   0.00000000e+00   0.00000000e+00   0.00000000e+00   0.00000000e+00   -6.06415747e-03  0.00000000e+00  
 1          1          0.38313807       1          1          2          -0.00000000e+00  -1.21283149e-02  0.00000000e+00   0.00000000e+00   1.21283149e-02   0.00000000e+00   0.00000000e+00   0.00000000e+00  
 1          1          0.38313807       1          1          3          -0.00000000e+00  6.06415747e-03   0.00000000e+00   0.00000000e+00   0.00000000e+00   0.00000000e+00   -6.06415747e-03  0.00000000e+00  
 1          2          0.40229497       1          1          1          -0.00000000e+00  5.89856576e-03   0.00000000e+00   0.00000000e+00   0.00000000e+00   0.00000000e+00   -5.89856576e-03  0.00000000e+00  
 1          2          0.40229497       1          1          2          -0.00000000e+00  -1.17971315e-02  0.00000000e+00   0.00000000e+00   1.17971315e-02   0.00000000e+00   0.00000000e+00   0.00000000e+00  
 1          2          0.40229497       1          1          3          -0.00000000e+00  5.89856576e-03   0.00000000e+00   0.00000000e+00   0.00000000e+00   0.00000000e+00   -5.89856576e-03  0.00000000e+00  
 1          3          0.42240972       1          1          1          -0.00000000e+00  5.74239605e-03   0.00000000e+00   0.00000000e+00   0.00000000e+00   0.00000000e+00   -5.74239605e-03  0.00000000e+00  
 1          3          0.42240972       1          1          2          -0.00000000e+00  -1.14847921e-02  0.00000000e+00   0.00000000e+00   1.14847921e-02   0.00000000e+00   0.00000000e+00   0.00000000e+00  
 1          3          0.42240972       1          1          3          -0.00000000e+00  5.74239605e-03   0.00000000e+00   0.00000000e+00   0.00000000e+00   0.00000000e+00   -5.74239605e-03  0.00000000e+00  
 1          4          0.44353021       1          1          1          -0.00000000e+00  5.59520928e-03   0.00000000e+00   0.00000000e+00   0.00000000e+00   0.00000000e+00   -5.59520928e-03  0.00000000e+00  
 1          4          0.44353021       1          1          2          -0.00000000e+00  -1.11904186e-02  0.00000000e+00   0.00000000e+00   1.11904186e-02   0.00000000e+00   0.00000000e+00   0.00000000e+00  
 1          4          0.44353021       1          1          3          -0.00000000e+00  5.59520928e-03   0.00000000e+00   0.00000000e+00   0.00000000e+00   0.00000000e+00   -5.59520928e-03  0.00000000e+00  
 1          5          0.46570672       1          1          1          -0.00000000e+00  5.45657899e-03   0.00000000e+00   0.00000000e+00   0.00000000e+00   0.00000000e+00   -5.45657899e-03  0.00000000e+00  
 1          5          0.46570672       1          1          2          -0.00000000e+00  -1.09131580e-02  0.00000000e+00   0.00000000e+00   1.09131580e-02   0.00000000e+00   0.00000000e+00   0.00000000e+00  
 1          5          0.46570672       1          1          3          -0.00000000e+00  5.45657899e-03   0.00000000e+00   0.00000000e+00   0.00000000e+00   0.00000000e+00   -5.45657899e-03  0.00000000e+00  
 1          6          0.48899205       1          1          1          -0.00000000e+00  5.32609278e-03   0.00000000e+00   0.00000000e+00   0.00000000e+00   0.00000000e+00   -5.32609278e-03  0.00000000e+00  
 1          6          0.48899205       1          1          2          -0.00000000e+00  -1.06521856e-02  0.00000000e+00   0.00000000e+00   1.06521856e-02   0.00000000e+00   0.00000000e+00   0.00000000e+00  
 1          6          0.48899205       1          1          3          -0.00000000e+00  5.32609278e-03   0.00000000e+00   0.00000000e+00   0.00000000e+00   0.00000000e+00   -5.32609278e-03  0.00000000e+00  
 1          7          0.51344166       1          1          1          -0.00000000e+00  5.20335348e-03   0.00000000e+00   0.00000000e+00   0.00000000e+00   0.00000000e+00   -5.20335348e-03  0.00000000e+00  
 1          7          0.51344166       1          1          2          -0.00000000e+00  -1.04067070e-02  0.00000000e+00   0.00000000e+00   1.04067070e-02   0.00000000e+00   0.00000000e+00   0.00000000e+00  
 1          7          0.51344166       1          1          3          -0.00000000e+00  5.20335348e-03   0.00000000e+00   0.00000000e+00   0.00000000e+00   0.00000000e+00   -5.20335348e-03  0.00000000e+00  
 1          8          0.53911374       1          1          1          -0.00000000e+00  5.08798008e-03   0.00000000e+00   0.00000000e+00   0.00000000e+00   0.00000000e+00   -5.08798008e-03  0.00000000e+00  
 1          8          0.53911374       1          1          2          -0.00000000e+00  -1.01759602e-02  0.00000000e+00   0.00000000e+00   1.01759602e-02   0.00000000e+00   0.00000000e+00   -1.87042652e-18 
 1          8          0.53911374       1          1          3          -0.00000000e+00  5.08798008e-03   0.00000000e+00   0.00000000e+00   0.00000000e+00   0.00000000e+00   -5.08798008e-03  0.00000000e+00  
 1          9          0.56606943       1          1          1          -0.00000000e+00  4.97960834e-03   0.00000000e+00   0.00000000e+00   0.00000000e+00   0.00000000e+00   -4.97960834e-03  0.00000000e+00  
 1          9          0.56606943       1          1          2          -0.00000000e+00  -9.95921668e-03  0.00000000e+00   0.00000000e+00   9.95921668e-03   0.00000000e+00   0.00000000e+00   0.00000000e+00  
 1          9          0.56606943       1          1          3          -0.00000000e+00  4.97960834e-03   0.00000000e+00   0.00000000e+00   0.00000000e+00   0.00000000e+00   -4.97960834e-03  0.00000000e+00  
 1          10         0.59437290       1          1          1          -0.00000000e+00  4.87789125e-03   0.00000000e+00   0.00000000e+00   0.00000000e+00   0.00000000e+00   -4.87789125e-03  0.00000000e+00  
 1          10         0.59437290       1          1          2          -0.00000000e+00  -9.75578251e-03  0.00000000e+00   0.00000000e+00   9.75578251e-03   0.00000000e+00   0.00000000e+00   0.00000000e+00  
 1          10         0.59437290       1          1          3          -0.00000000e+00  4.87789125e-03   0.00000000e+00   0.00000000e+00   0.00000000e+00   0.00000000e+00   -4.87789125e-03  0.00000000e+00  
 1          11         0.62409154       1          1          1          -0.00000000e+00  4.78249924e-03   0.00000000e+00   0.00000000e+00   0.00000000e+00   0.00000000e+00   -4.78249924e-03  0.00000000e+00  
 1          11         0.62409154       1          1          2          -0.00000000e+00  -9.56499848e-03  0.00000000e+00   0.00000000e+00   9.56499848e-03   0.00000000e+00   0.00000000e+00   0.00000000e+00  
 1          11         0.62409154       1          1          3          -0.00000000e+00  4.78249924e-03   0.00000000e+00   0.00000000e+00   0.00000000e+00   0.00000000e+00   -4.78249924e-03  0.00000000e+00  
 1          12         0.65529612       1          1          1          -0.00000000e+00  4.69312023e-03   0.00000000e+00   0.00000000e+00   0.00000000e+00   0.00000000e+00   -4.69312023e-03  0.00000000e+00  
 1          12         0.65529612       1          1          2          -0.00000000e+00  -9.38624047e-03  0.00000000e+00   0.00000000e+00   9.38624047e-03   0.00000000e+00   0.00000000e+00   1.13675756e-18  
 1          12         0.65529612       1          1          3          -0.00000000e+00  4.69312023e-03   0.00000000e+00   0.00000000e+00   0.00000000e+00   0.00000000e+00   -4.69312023e-03  0.00000000e+00  
 1          13         0.68806093       1          1          1          -0.00000000e+00  4.60945960e-03   0.00000000e+00   0.00000000e+00   0.00000000e+00   0.00000000e+00   -4.60945960e-03  0.00000000e+00  
 1          13         0.68806093       1          1          2          -0.00000000e+00  -9.21891920e-03  0.00000000e+00   0.00000000e+00   9.21891920e-03   0.00000000e+00   0.00000000e+00   0.00000000e+00  
 1          13         0.68806093       1          1          3          -0.00000000e+00  4.60945960e-03   0.00000000e+00   0.00000000e+00   0.00000000e+00   0.00000000e+00   -4.60945960e-03  0.00000000e+00  
 1          14         0.72246397       1          1          1          -0.00000000e+00  4.53123994e-03   0.00000000e+00   0.00000000e+00   0.00000000e+00   0.00000000e+00   -4.53123994e-03  0.00000000e+00  
 1          14         0.72246397       1          1          2          -0.00000000e+00  -9.06247988e-03  0.00000000e+00   0.00000000e+00   9.06247988e-03   0.00000000e+00   0.00000000e+00   0.00000000e+00  
 1          14         0.72246397       1          1          3          -0.00000000e+00  4.53123994e-03   0.00000000e+00   0.00000000e+00   0.00000000e+00   0.00000000e+00   -4.53123994e-03  0.00000000e+00  
 1          15         0.75858717       1          1          1          -0.00000000e+00  4.45820080e-03   0.00000000e+00   0.00000000e+00   0.00000000e+00   0.00000000e+00   -4.45820080e-03  0.00000000e+00  
 1          15         0.75858717       1          1          2          -0.00000000e+00  -8.91640160e-03  0.00000000e+00   0.00000000e+00   8.91640160e-03   0.00000000e+00   0.00000000e+00   1.31593897e-18  
 1          15         0.75858717       1          1          3          -0.00000000e+00  4.45820080e-03   0.00000000e+00   0.00000000e+00   0.00000000e+00   0.00000000e+00   -4.45820080e-03  0.00000000e+00  
 1          16         0.79651653       1          1          1          -0.00000000e+00  4.39009831e-03   0.00000000e+00   0.00000000e+00   0.00000000e+00   0.00000000e+00   -4.39009831e-03  0.00000000e+00  
 1          16         0.79651653       1          1          2          -0.00000000e+00  -8.78019662e-03  0.00000000e+00   0.00000000e+00   8.78019662e-03   0.00000000e+00   0.00000000e+00   0.00000000e+00  
 1          16         0.79651653       1          1          3          -0.00000000e+00  4.39009831e-03   0.00000000e+00   0.00000000e+00   0.00000000e+00   0.00000000e+00   -4.39009831e-03  0.00000000e+00  
 1          17         0.83634236       1          1          1          -0.00000000e+00  4.32670476e-03   0.00000000e+00   0.00000000e+00   0.00000000e+00   0.00000000e+00   -4.32670476e-03  0.00000000e+00  
 1          17         0.83634236       1          1          2          -0.00000000e+00  -8.65340952e-03  0.00000000e+00   0.00000000e+00   8.65340952e-03   0.00000000e+00   0.00000000e+00   0.00000000e+00  
 1          17         0.83634236       1          1          3          -0.00000000e+00  4.32670476e-03   0.00000000e+00   0.00000000e+00   0.00000000e+00   0.00000000e+00   -4.32670476e-03  0.00000000e+00  
 1          18         0.87815947       1          1          1          -0.00000000e+00  4.26780812e-03   0.00000000e+00   0.00000000e+00   0.00000000e+00   0.00000000e+00   -4.26780812e-03  0.00000000e+00  
 1          18         0.87815947       1          1          2          -0.00000000e+00  -8.53561625e-03  0.00000000e+00   0.00000000e+00   8.53561625e-03   0.00000000e+00   0.00000000e+00   0.00000000e+00  
 1          18         0.87815947       1          1          3          -0.00000000e+00  4.26780812e-03   0.00000000e+00   0.00000000e+00   0.00000000e+00   0.00000000e+00   -4.26780812e-03  0.00000000e+00  
 1          19         0.92206745       1          1          1          -0.00000000e+00  4.21321157e-03   0.00000000e+00   0.00000000e+00   0.00000000e+00   0.00000000e+00   -4.21321157e-03  0.00000000e+00  
 1          19         0.92206745       1          1          2          -0.00000000e+00  -8.42642314e-03  0.00000000e+00   0.00000000e+00   8.42642314e-03   0.00000000e+00   0.00000000e+00   0.00000000e+00  
 1          19         0.92206745       1          1          3          -0.00000000e+00  4.21321157e-03   0.00000000e+00   0.00000000e+00   0.00000000e+00   0.00000000e+00   -4.21321157e-03  0.00000000e+00  
 1          20         0.96817082       1          1          1          -0.00000000e+00  4.16273295e-03   0.00000000e+00   0.00000000e+00   0.00000000e+00   0.00000000e+00   -4.16273295e-03  0.00000000e+00  
 1          20         0.96817082       1          1          2          -0.00000000e+00  -8.32546590e-03  0.00000000e+00   0.00000000e+00   8.32546590e-03   0.00000000e+00   0.00000000e+00   0.00000000e+00  
 1          20         0.96817082       1          1          3          -0.00000000e+00  4.16273295e-03   0.00000000e+00   0.00000000e+00   0.00000000e+00   0.00000000e+00   -4.16273295e-03  0.00000000e+00  
 1          21         1.01657936       1          1          1          -0.00000000e+00  4.11620425e-03   0.00000000e+00   0.00000000e+00   0.00000000e+00   0.00000000e+00   -4.11620425e-03  0.00000000e+00  
 1          21         1.01657936       1          1          2          -0.00000000e+00  -8.23240849e-03  0.00000000e+00   0.00000000e+00   8.23240849e-03   0.00000000e+00   0.00000000e+00   0.00000000e+00  
 1          21         1.01657936       1          1          3          -0.00000000e+00  4.11620425e-03   0.00000000e+00   0.00000000e+00   0.00000000e+00   0.00000000e+00   -4.11620425e-03  0.00000000e+00  
 1          22         1.06740833       1          1          1          -0.00000000e+00  4.07347108e-03   0.00000000e+00   0.00000000e+00   0.00000000e+00   0.00000000e+00   -4.07347108e-03  0.00000000e+00  
 1          22         1.06740833       1          1          2          -0.00000000e+00  -8.14694215e-03  0.00000000e+00   0.00000000e+00   8.14694215e-03   0.00000000e+00   0.00000000e+00   -9.25829143e-19 
 1          22         1.06740833       1          1          3          -0.00000000e+00  4.07347108e-03   0.00000000e+00   0.00000000e+00   0.00000000e+00   0.00000000e+00   -4.07347108e-03  0.00000000e+00  
 1          23         1.12077875       1          1          1          -0.00000000e+00  4.03439215e-03   0.00000000e+00   0.00000000e+00   0.00000000e+00   0.00000000e+00   -4.03439215e-03  0.00000000e+00  
 1          23         1.12077875       1          1          2          -0.00000000e+00  -8.06878429e-03  0.00000000e+00   0.00000000e+00   8.06878429e-03   0.00000000e+00   0.00000000e+00   0.00000000e+00  
 1          23         1.12077875       1          1          3          -0.00000000e+00  4.03439215e-03   0.00000000e+00   0.00000000e+00   0.00000000e+00   0.00000000e+00   -4.03439215e-03  0.00000000e+00  
 1          24         1.17681768       1          1          1          -0.00000000e+00  3.99883875e-03   0.00000000e+00   0.00000000e+00   0.00000000e+00   0.00000000e+00   -3.99883875e-03  0.00000000e+00  
 1          24         1.17681768       1          1          2          -0.00000000e+00  -7.99767750e-03  0.00000000e+00   0.00000000e+00   7.99767750e-03   0.00000000e+00   0.00000000e+00   0.00000000e+00  
 1          24         1.17681768       1          1          3          -0.00000000e+00  3.99883875e-03   0.00000000e+00   0.00000000e+00   0.00000000e+00   0.00000000e+00   -3.99883875e-03  0.00000000e+00  
 1          25         1.23565857       1          1          1          -0.00000000e+00  3.96669425e-03   0.00000000e+00   0.00000000e+00   0.00000000e+00   0.00000000e+00   -3.96669425e-03  0.00000000e+00  
 1          25         1.23565857       1          1          2          -0.00000000e+00  -7.93338850e-03  0.00000000e+00   0.00000000e+00   7.93338850e-03   0.00000000e+00   0.00000000e+00   0.00000000e+00  
 1          25         1.23565857       1          1          3          -0.00000000e+00  3.96669425e-03   0.00000000e+00   0.00000000e+00   0.00000000e+00   0.00000000e+00   -3.96669425e-03  0.00000000e+00  
 1          26         1.29744149       1          1          1          -0.00000000e+00  3.93785363e-03   0.00000000e+00   0.00000000e+00   0.00000000e+00   0.00000000e+00   -3.93785363e-03  0.00000000e+00  
 1          26         1.29744149       1          1          2          -0.00000000e+00  -7.87570726e-03  0.00000000e+00   0.00000000e+00   7.87570726e-03   0.00000000e+00   0.00000000e+00   0.00000000e+00  
 1          26         1.29744149       1          1          3          -0.00000000e+00  3.93785363e-03   0.00000000e+00   0.00000000e+00   0.00000000e+00   0.00000000e+00   -3.93785363e-03  0.00000000e+00  
 1          27         1.36231357       1          1          1          -0.00000000e+00  3.91222299e-03   0.00000000e+00   0.00000000e+00   0.00000000e+00   0.00000000e+00   -3.91222299e-03  0.00000000e+00  
 1          27         1.36231357       1          1          2          -0.00000000e+00  -7.82444598e-03  0.00000000e+00   0.00000000e+00   7.82444598e-03   0.00000000e+00   0.00000000e+00   0.00000000e+00  
 1          27         1.36231357       1          1          3          -0.00000000e+00  3.91222299e-03   0.00000000e+00   0.00000000e+00   0.00000000e+00   0.00000000e+00   -3.91222299e-03  0.00000000e+00  
 1          28         1.43042925       1          1          1          -0.00000000e+00  3.88971914e-03   0.00000000e+00   0.00000000e+00   0.00000000e+00   0.00000000e+00   -3.88971914e-03  0.00000000e+00  
 1          28         1.43042925       1          1          2          -0.00000000e+00  -7.77943829e-03  0.00000000e+00   0.00000000e+00   7.77943829e-03   0.00000000e+00   0.00000000e+00   0.00000000e+00  
 1          28         1.43042925       1          1          3          -0.00000000e+00  3.88971914e-03   0.00000000e+00   0.00000000e+00   0.00000000e+00   0.00000000e+00   -3.88971914e-03  0.00000000e+00  
 1          29         1.50195071       1          1          1          -0.00000000e+00  3.87026918e-03   0.00000000e+00   0.00000000e+00   0.00000000e+00   0.00000000e+00   -3.87026918e-03  0.00000000e+00  
 1          29         1.50195071       1          1          2          -0.00000000e+00  -7.74053836e-03  0.00000000e+00   0.00000000e+00   7.74053836e-03   0.00000000e+00   0.00000000e+00   0.00000000e+00  
 1          29         1.50195071       1          1          3          -0.00000000e+00  3.87026918e-03   0.00000000e+00   0.00000000e+00   0.00000000e+00   0.00000000e+00   -3.87026918e-03  0.00000000e+00  
 1          30         1.57704825       1          1          1          -0.00000000e+00  3.85381008e-03   0.00000000e+00   0.00000000e+00   0.00000000e+00   0.00000000e+00   -3.85381008e-03  0.00000000e+00  
 1          30         1.57704825       1          1          2          -0.00000000e+00  -7.70762016e-03  0.00000000e+00   0.00000000e+00   7.70762016e-03   0.00000000e+00   0.00000000e+00   1.36787131e-18  
 1          30         1.57704825       1          1          3          -0.00000000e+00  3.85381008e-03   0.00000000e+00   0.00000000e+00   0.00000000e+00   0.00000000e+00   -3.85381008e-03  0.00000000e+00  
 1          31         1.65590066       1          1          1          -0.00000000e+00  3.84028835e-03   0.00000000e+00   0.00000000e+00   0.00000000e+00   0.00000000e+00   -3.84028835e-03  0.00000000e+00  
 1          31         1.65590066       1          1          2          -0.00000000e+00  -7.68057670e-03  0.00000000e+00   0.00000000e+00   7.68057670e-03   0.00000000e+00   0.00000000e+00   0.00000000e+00  
 1          31         1.65590066       1          1          3          -0.00000000e+00  3.84028835e-03   0.00000000e+00   0.00000000e+00   0.00000000e+00   0.00000000e+00   -3.84028835e-03  0.00000000e+00  
 1          32         1.73869569       1          1          1          -0.00000000e+00  3.82965968e-03   0.00000000e+00   0.00000000e+00   0.00000000e+00   0.00000000e+00   -3.82965968e-03  0.00000000e+00  
 1          32         1.73869569       1          1          2          -0.00000000e+00  -7.65931935e-03  0.00000000e+00   0.00000000e+00   7.65931935e-03   0.00000000e+00   0.00000000e+00   0.00000000e+00  
 1          32         1.73869569       1          1          3          -0.00000000e+00  3.82965968e-03   0.00000000e+00   0.00000000e+00   0.00000000e+00   0.00000000e+00   -3.82965968e-03  0.00000000e+00  
 1          33         1.82563048       1          1          1          -0.00000000e+00  3.82188862e-03   0.00000000e+00   0.00000000e+00   0.00000000e+00   0.00000000e+00   -3.82188862e-03  0.00000000e+00  
 1          33         1.82563048       1          1          2          -0.00000000e+00  -7.64377724e-03  0.00000000e+00   0.00000000e+00   7.64377724e-03   0.00000000e+00   0.00000000e+00   0.00000000e+00  
 1          33         1.82563048       1          1          3          -0.00000000e+00  3.82188862e-03   0.00000000e+00   0.00000000e+00   0.00000000e+00   0.00000000e+00   -3.82188862e-03  0.00000000e+00  
 1          34         1.91691200       1          1          1          -0.00000000e+00  3.81694831e-03   0.00000000e+00   0.00000000e+00   0.00000000e+00   0.00000000e+00   -3.81694831e-03  0.00000000e+00  
 1          34         1.91691200       1          1          2          -0.00000000e+00  -7.63389662e-03  0.00000000e+00   0.00000000e+00   7.63389662e-03   0.00000000e+00   0.00000000e+00   0.00000000e+00  
 1          34         1.91691200       1          1          3          -0.00000000e+00  3.81694831e-03   0.00000000e+00   0.00000000e+00   0.00000000e+00   0.00000000e+00   -3.81694831e-03  0.00000000e+00  
 1          35         2.01275760       1          1          1          -0.00000000e+00  3.81482018e-03   0.00000000e+00   0.00000000e+00   0.00000000e+00   0.00000000e+00   -3.81482018e-03  0.00000000e+00  
 1          35         2.01275760       1          1          2          -0.00000000e+00  -7.62964036e-03  0.00000000e+00   0.00000000e+00   7.62964036e-03   0.00000000e+00   0.00000000e+00   8.72894465e-19  
 1          35         2.01275760       1          1          3          -0.00000000e+00  3.81482018e-03   0.00000000e+00   0.00000000e+00   0.00000000e+00   0.00000000e+00   -3.81482018e-03  0.00000000e+00  
 1          36         2.11339548       1          1          1          -0.00000000e+00  3.81549374e-03   0.00000000e+00   0.00000000e+00   0.00000000e+00   0.00000000e+00   -3.81549374e-03  0.00000000e+00  
 1          36         2.11339548       1          1          2          -0.00000000e+00  -7.63098747e-03  0.00000000e+00   0.00000000e+00   7.63098747e-03   0.00000000e+00   0.00000000e+00   0.00000000e+00  
 1          36         2.11339548       1          1          3          -0.00000000e+00  3.81549374e-03   0.00000000e+00   0.00000000e+00   0.00000000e+00   0.00000000e+00   -3.81549374e-03  0.00000000e+00  
 1          37         2.21906525       1          1          1          -0.00000000e+00  3.81896632e-03   0.00000000e+00   0.00000000e+00   0.00000000e+00   0.00000000e+00   -3.81896632e-03  0.00000000e+00  
 1          37         2.21906525       1          1          2          -0.00000000e+00  -7.63793264e-03  0.00000000e+00   0.00000000e+00   7.63793264e-03   0.00000000e+00   0.00000000e+00   0.00000000e+00  
 1          37         2.21906525       1          1          3          -0.00000000e+00  3.81896632e-03   0.00000000e+00   0.00000000e+00   0.00000000e+00   0.00000000e+00   -3.81896632e-03  0.00000000e+00  
 1          38         2.33001852       1          1          1          -0.00000000e+00  3.82524290e-03   0.00000000e+00   0.00000000e+00   0.00000000e+00   0.00000000e+00   -3.82524290e-03  0.00000000e+00  
 1          38         2.33001852       1          1          2          -0.00000000e+00  -7.65048580e-03  0.00000000e+00   0.00000000e+00   7.65048580e-03   0.00000000e+00   0.00000000e+00   0.00000000e+00  
 1          38         2.33001852       1          1          3          -0.00000000e+00  3.82524290e-03   0.00000000e+00   0.00000000e+00   0.00000000e+00   0.00000000e+00   -3.82524290e-03  0.00000000e+00  
 1          39         2.44651944       1          1          1          -0.00000000e+00  3.83433590e-03   0.00000000e+00   0.00000000e+00   0.00000000e+00   0.00000000e+00   -3.83433590e-03  0.00000000e+00  
 1          39         2.44651944       1          1          2          -0.00000000e+00  -7.66867180e-03  0.00000000e+00   0.00000000e+00   7.66867180e-03   0.00000000e+00   0.00000000e+00   -1.06100868e-18 
 1          39         2.44651944       1          1          3          -0.00000000e+00  3.83433590e-03   0.00000000e+00   0.00000000e+00   0.00000000e+00   0.00000000e+00   -3.83433590e-03  0.00000000e+00  
 1          40         2.56884541       1          1          1          -0.00000000e+00  3.84626513e-03   0.00000000e+00   0.00000000e+00   0.00000000e+00   0.00000000e+00   -3.84626513e-03  0.00000000e+00  
 1          40         2.56884541       1          1          2          -0.00000000e+00  -7.69253026e-03  0.00000000e+00   0.00000000e+00   7.69253026e-03   0.00000000e+00   0.00000000e+00   0.00000000e+00  
 1          40         2.56884541       1          1          3          -0.00000000e+00  3.84626513e-03   0.00000000e+00   0.00000000e+00   0.00000000e+00   0.00000000e+00   -3.84626513e-03  0.00000000e+00  
 1          41         2.69728768       1          1          1          -0.00000000e+00  3.86105723e-03   0.00000000e+00   0.00000000e+00   0.00000000e+00   0.00000000e+00   -3.86105723e-03  0.00000000e+00  
 1          41         2.69728768       1          1          2          -0.00000000e+00  -7.72211446e-03  0.00000000e+00   0.00000000e+00   7.72211446e-03   0.00000000e+00   0.00000000e+00   0.00000000e+00  
 1          41         2.69728768       1          1          3          -0.00000000e+00  3.86105723e-03   0.00000000e+00   0.00000000e+00   0.00000000e+00   0.00000000e+00   -3.86105723e-03  0.00000000e+00  
 1          42         2.83215207       1          1          1          -0.00000000e+00  3.87874613e-03   0.00000000e+00   0.00000000e+00   0.00000000e+00   0.00000000e+00   -3.87874613e-03  0.00000000e+00  
 1          42         2.83215207       1          1          2          -0.00000000e+00  -7.75749226e-03  0.00000000e+00   0.00000000e+00   7.75749226e-03   0.00000000e+00   0.00000000e+00   0.00000000e+00  
 1          42         2.83215207       1          1          3          -0.00000000e+00  3.87874613e-03   0.00000000e+00   0.00000000e+00   0.00000000e+00   0.00000000e+00   -3.87874613e-03  0.00000000e+00  
 1          43         2.97375967       1          1          1          -0.00000000e+00  3.89937250e-03   0.00000000e+00   0.00000000e+00   0.00000000e+00   0.00000000e+00   -3.89937250e-03  0.00000000e+00  
 1          43         2.97375967       1          1          2          -0.00000000e+00  -7.79874500e-03  0.00000000e+00   0.00000000e+00   7.79874500e-03   0.00000000e+00   0.00000000e+00   0.00000000e+00  
 1          43         2.97375967       1          1          3          -0.00000000e+00  3.89937250e-03   0.00000000e+00   0.00000000e+00   0.00000000e+00   0.00000000e+00   -3.89937250e-03  0.00000000e+00  
 1          44         3.12244766       1          1          1          -0.00000000e+00  3.92298375e-03   0.00000000e+00   0.00000000e+00   0.00000000e+00   0.00000000e+00   -3.92298375e-03  0.00000000e+00  
 1          44         3.12244766       1          1          2          -0.00000000e+00  -7.84596751e-03  0.00000000e+00   0.00000000e+00   7.84596751e-03   0.00000000e+00   0.00000000e+00   0.00000000e+00  
 1          44         3.12244766       1          1          3          -0.00000000e+00  3.92298375e-03   0.00000000e+00   0.00000000e+00   0.00000000e+00   0.00000000e+00   -3.92298375e-03  0.00000000e+00  
 1          45         3.27857004       1          1          1          -0.00000000e+00  3.94963390e-03   0.00000000e+00   0.00000000e+00   0.00000000e+00   0.00000000e+00   -3.94963390e-03  0.00000000e+00  
 1          45         3.27857004       1          1          2          -0.00000000e+00  -7.89926780e-03  0.00000000e+00   0.00000000e+00   7.89926780e-03   0.00000000e+00   0.00000000e+00   0.00000000e+00  
 1          45         3.27857004       1          1          3          -0.00000000e+00  3.94963390e-03   0.00000000e+00   0.00000000e+00   0.00000000e+00   0.00000000e+00   -3.94963390e-03  0.00000000e+00  
 1          46         3.44249854       1          1          1          -0.00000000e+00  3.97938342e-03   0.00000000e+00   0.00000000e+00   0.00000000e+00   0.00000000e+00   -3.97938342e-03  0.00000000e+00  
 1          46         3.44249854       1          1          2          -0.00000000e+00  -7.95876684e-03  0.00000000e+00   0.00000000e+00   7.95876684e-03   0.00000000e+00   0.00000000e+00   0.00000000e+00  
 1          46         3.44249854       1          1          3          -0.00000000e+00  3.97938342e-03   0.00000000e+00   0.00000000e+00   0.00000000e+00   0.00000000e+00   -3.97938342e-03  0.00000000e+00  
 1          47         3.61462347       1          1          1          -0.00000000e+00  4.01229916e-03   0.00000000e+00   0.00000000e+00   0.00000000e+00   0.00000000e+00   -4.01229916e-03  0.00000000e+00  
 1          47         3.61462347       1          1          2          -0.00000000e+00  -8.02459832e-03  0.00000000e+00   0.00000000e+00   8.02459832e-03   0.00000000e+00   0.00000000e+00   0.00000000e+00  
 1          47         3.61462347       1          1          3          -0.00000000e+00  4.01229916e-03   0.00000000e+00   0.00000000e+00   0.00000000e+00   0.00000000e+00   -4.01229916e-03  0.00000000e+00  
 1          48         3.79535464       1          1          1          -0.00000000e+00  4.04845417e-03   0.00000000e+00   0.00000000e+00   0.00000000e+00   0.00000000e+00   -4.04845417e-03  0.00000000e+00  
 1          48         3.79535464       1          1          2          -0.00000000e+00  -8.09690834e-03  0.00000000e+00   0.00000000e+00   8.09690834e-03   0.00000000e+00   0.00000000e+00   0.00000000e+00  
 1          48         3.79535464       1          1          3          -0.00000000e+00  4.04845417e-03   0.00000000e+00   0.00000000e+00   0.00000000e+00   0.00000000e+00   -4.04845417e-03  0.00000000e+00  
 1          49         3.98512237       1          1          1          -0.00000000e+00  4.08792757e-03   0.00000000e+00   0.00000000e+00   0.00000000e+00   0.00000000e+00   -4.08792757e-03  0.00000000e+00  
 1          49         3.98512237       1          1          2          -0.00000000e+00  -8.17585515e-03  0.00000000e+00   0.00000000e+00   8.17585515e-03   0.00000000e+00   0.00000000e+00   0.00000000e+00  
 1          49         3.98512237       1          1          3          -0.00000000e+00  4.08792757e-03   0.00000000e+00   0.00000000e+00   0.00000000e+00   0.00000000e+00   -4.08792757e-03  0.00000000e+00  
 1          50         4.18437849       1          1          1          -0.00000000e+00  4.13080439e-03   0.00000000e+00   0.00000000e+00   0.00000000e+00   0.00000000e+00   -4.13080439e-03  0.00000000e+00  
 1          50         4.18437849       1          1          2          -0.00000000e+00  -8.26160878e-03  0.00000000e+00   0.00000000e+00   8.26160878e-03   0.00000000e+00   0.00000000e+00   1.81468490e-18  
 1          50         4.18437849       1          1          3          -0.00000000e+00  4.13080439e-03   0.00000000e+00   0.00000000e+00   0.00000000e+00   0.00000000e+00   -4.13080439e-03  0.00000000e+00  
 1          51         4.39359742       1          1          1          -0.00000000e+00  4.17717535e-03   0.00000000e+00   0.00000000e+00   0.00000000e+00   0.00000000e+00   -4.17717535e-03  0.00000000e+00  
 1          51         4.39359742       1          1          2          -0.00000000e+00  -8.35435070e-03  0.00000000e+00   0.00000000e+00   8.35435070e-03   0.00000000e+00   0.00000000e+00   9.52709573e-19  
 1          51         4.39359742       1          1          3          -0.00000000e+00  4.17717535e-03   0.00000000e+00   0.00000000e+00   0.00000000e+00   0.00000000e+00   -4.17717535e-03  0.00000000e+00  
 1          52         4.61327729       1          1          1          -0.00000000e+00  4.22713670e-03   0.00000000e+00   0.00000000e+00   0.00000000e+00   0.00000000e+00   -4.22713670e-03  0.00000000e+00  
 1          52         4.61327729       1          1          2          -0.00000000e+00  -8.45427341e-03  0.00000000e+00   0.00000000e+00   8.45427341e-03   0.00000000e+00   0.00000000e+00   1.00034505e-18  
 1          52         4.61327729       1          1          3          -0.00000000e+00  4.22713670e-03   0.00000000e+00   0.00000000e+00   0.00000000e+00   0.00000000e+00   -4.22713670e-03  0.00000000e+00  
 1          53         4.84394115       1          1          1          -0.00000000e+00  4.28078994e-03   0.00000000e+00   0.00000000e+00   0.00000000e+00   0.00000000e+00   -4.28078994e-03  0.00000000e+00  
 1          53         4.84394115       1          1          2          -0.00000000e+00  -8.56157988e-03  0.00000000e+00   0.00000000e+00   8.56157988e-03   0.00000000e+00   0.00000000e+00   -1.05036230e-18 
 1          53         4.84394115       1          1          3          -0.00000000e+00  4.28078994e-03   0.00000000e+00   0.00000000e+00   0.00000000e+00   0.00000000e+00   -4.28078994e-03  0.00000000e+00  
 1          54         5.08613821       1          1          1          -0.00000000e+00  4.33824156e-03   0.00000000e+00   0.00000000e+00   0.00000000e+00   0.00000000e+00   -4.33824156e-03  0.00000000e+00  
 1          54         5.08613821       1          1          2          -0.00000000e+00  -8.67648311e-03  0.00000000e+00   0.00000000e+00   8.67648311e-03   0.00000000e+00   0.00000000e+00   0.00000000e+00  
 1          54         5.08613821       1          1          3          -0.00000000e+00  4.33824156e-03   0.00000000e+00   0.00000000e+00   0.00000000e+00   0.00000000e+00   -4.33824156e-03  0.00000000e+00  
 1          55         5.34044512       1          1          1          -0.00000000e+00  4.39960270e-03   0.00000000e+00   0.00000000e+00   0.00000000e+00   0.00000000e+00   -4.39960270e-03  0.00000000e+00  
 1          55         5.34044512       1          1          2          -0.00000000e+00  -8.79920541e-03  0.00000000e+00   0.00000000e+00   8.79920541e-03   0.00000000e+00   0.00000000e+00   0.00000000e+00  
 1          55         5.34044512       1          1          3          -0.00000000e+00  4.39960270e-03   0.00000000e+00   0.00000000e+00   0.00000000e+00   0.00000000e+00   -4.39960270e-03  0.00000000e+00  
 1          56         5.60746738       1          1          1          -0.00000000e+00  4.46498886e-03   0.00000000e+00   0.00000000e+00   0.00000000e+00   0.00000000e+00   -4.46498886e-03  0.00000000e+00  
 1          56         5.60746738       1          1          2          -0.00000000e+00  -8.92997771e-03  0.00000000e+00   0.00000000e+00   8.92997771e-03   0.00000000e+00   0.00000000e+00   0.00000000e+00  
 1          56         5.60746738       1          1          3          -0.00000000e+00  4.46498886e-03   0.00000000e+00   0.00000000e+00   0.00000000e+00   0.00000000e+00   -4.46498886e-03  0.00000000e+00  
 1          57         5.88784074       1          1          1          -0.00000000e+00  4.53451939e-03   0.00000000e+00   0.00000000e+00   0.00000000e+00   0.00000000e+00   -4.53451939e-03  0.00000000e+00  
 1          57         5.88784074       1          1          2          -0.00000000e+00  -9.06903878e-03  0.00000000e+00   0.00000000e+00   9.06903878e-03   0.00000000e+00   0.00000000e+00   0.00000000e+00  
 1          57         5.88784074       1          1          3          -0.00000000e+00  4.53451939e-03   0.00000000e+00   0.00000000e+00   0.00000000e+00   0.00000000e+00   -4.53451939e-03  0.00000000e+00  
 1          58         6.18223278       1          1          1          -0.00000000e+00  4.60831715e-03   0.00000000e+00   0.00000000e+00   0.00000000e+00   0.00000000e+00   -4.60831715e-03  0.00000000e+00  
 1          58         6.18223278       1          1          2          -0.00000000e+00  -9.21663429e-03  0.00000000e+00   0.00000000e+00   9.21663429e-03   0.00000000e+00   0.00000000e+00   0.00000000e+00  
 1          58         6.18223278       1          1          3          -0.00000000e+00  4.60831715e-03   0.00000000e+00   0.00000000e+00   0.00000000e+00   0.00000000e+00   -4.60831715e-03  0.00000000e+00  
 1          59         6.49134442       1          1          1          -0.00000000e+00  4.68650791e-03   0.00000000e+00   0.00000000e+00   0.00000000e+00   0.00000000e+00   -4.68650791e-03  0.00000000e+00  
 1          59         6.49134442       1          1          2          -0.00000000e+00  -9.37301582e-03  0.00000000e+00   0.00000000e+00   9.37301582e-03   0.00000000e+00   0.00000000e+00   0.00000000e+00  
 1          59         6.49134442       1          1          3          -0.00000000e+00  4.68650791e-03   0.00000000e+00   0.00000000e+00   0.00000000e+00   0.00000000e+00   -4.68650791e-03  0.00000000e+00  
 1          60         6.81591164       1          1          1          -0.00000000e+00  4.76921987e-03   0.00000000e+00   0.00000000e+00   0.00000000e+00   0.00000000e+00   -4.76921987e-03  0.00000000e+00  
 1          60         6.81591164       1          1          2          -0.00000000e+00  -9.53843974e-03  0.00000000e+00   0.00000000e+00   9.53843974e-03   0.00000000e+00   0.00000000e+00   1.47796524e-18  
 1          60         6.81591164       1          1          3          -0.00000000e+00  4.76921987e-03   0.00000000e+00   0.00000000e+00   0.00000000e+00   0.00000000e+00   -4.76921987e-03  0.00000000e+00  
 1          61         7.15670722       1          1          1          -0.00000000e+00  4.85658301e-03   0.00000000e+00   0.00000000e+00   0.00000000e+00   0.00000000e+00   -4.85658301e-03  0.00000000e+00  
 1          61         7.15670722       1          1          2          -0.00000000e+00  -9.71316601e-03  0.00000000e+00   0.00000000e+00   9.71316601e-03   0.00000000e+00   0.00000000e+00   0.00000000e+00  
 1          61         7.15670722       1          1          3          -0.00000000e+00  4.85658301e-03   0.00000000e+00   0.00000000e+00   0.00000000e+00   0.00000000e+00   -4.85658301e-03  0.00000000e+00  
 1          62         7.51454258       1          1          1          -0.00000000e+00  4.94872842e-03   0.00000000e+00   0.00000000e+00   0.00000000e+00   0.00000000e+00   -4.94872842e-03  0.00000000e+00  
 1          62         7.51454258       1          1          2          -0.00000000e+00  -9.89745684e-03  0.00000000e+00   0.00000000e+00   9.89745684e-03   0.00000000e+00   0.00000000e+00   0.00000000e+00  
 1          62         7.51454258       1          1          3          -0.00000000e+00  4.94872842e-03   0.00000000e+00   0.00000000e+00   0.00000000e+00   0.00000000e+00   -4.94872842e-03  0.00000000e+00  
 1          63         7.89026971       1          1          1          -0.00000000e+00  5.04578765e-03   0.00000000e+00   0.00000000e+00   0.00000000e+00   0.00000000e+00   -5.04578765e-03  0.00000000e+00  
 1          63         7.89026971       1          1          2          -0.00000000e+00  -1.00915753e-02  0.00000000e+00   0.00000000e+00   1.00915753e-02   0.00000000e+00   0.00000000e+00   0.00000000e+00  
 1          63         7.89026971       1          1          3          -0.00000000e+00  5.04578765e-03   0.00000000e+00   0.00000000e+00   0.00000000e+00   0.00000000e+00   -5.04578765e-03  0.00000000e+00  
 1          64         8.28478320       1          1          1          -0.00000000e+00  5.14789192e-03   0.00000000e+00   0.00000000e+00   0.00000000e+00   0.00000000e+00   -5.14789192e-03  0.00000000e+00  
 1          64         8.28478320       1          1          2          -0.00000000e+00  -1.02957838e-02  0.00000000e+00   0.00000000e+00   1.02957838e-02   0.00000000e+00   0.00000000e+00   0.00000000e+00  
 1          64         8.28478320       1          1          3          -0.00000000e+00  5.14789192e-03   0.00000000e+00   0.00000000e+00   0.00000000e+00   0.00000000e+00   -5.14789192e-03  0.00000000e+00  
 1          65         8.69902236       1          1          1          -0.00000000e+00  5.25517132e-03   0.00000000e+00   0.00000000e+00   0.00000000e+00   0.00000000e+00   -5.25517132e-03  0.00000000e+00  
 1          65         8.69902236       1          1          2          -0.00000000e+00  -1.05103426e-02  0.00000000e+00   0.00000000e+00   1.05103426e-02   0.00000000e+00   0.00000000e+00   0.00000000e+00  
 1          65         8.69902236       1          1          3          -0.00000000e+00  5.25517132e-03   0.00000000e+00   0.00000000e+00   0.00000000e+00   0.00000000e+00   -5.25517132e-03  0.00000000e+00  
 1          66         9.13397348       1          1          1          -0.00000000e+00  5.36775404e-03   0.00000000e+00   0.00000000e+00   0.00000000e+00   0.00000000e+00   -5.36775404e-03  0.00000000e+00  
 1          66         9.13397348       1          1          2          -0.00000000e+00  -1.07355081e-02  0.00000000e+00   0.00000000e+00   1.07355081e-02   0.00000000e+00   0.00000000e+00   0.00000000e+00  
 1          66         9.13397348       1          1          3          -0.00000000e+00  5.36775404e-03   0.00000000e+00   0.00000000e+00   0.00000000e+00   0.00000000e+00   -5.36775404e-03  0.00000000e+00  
 1          67         9.59067215       1          1          1          -0.00000000e+00  5.48576548e-03   0.00000000e+00   0.00000000e+00   0.00000000e+00   0.00000000e+00   -5.48576548e-03  0.00000000e+00  
 1          67         9.59067215       1          1          2          -0.00000000e+00  -1.09715310e-02  0.00000000e+00   0.00000000e+00   1.09715310e-02   0.00000000e+00   0.00000000e+00   0.00000000e+00  
 1          67         9.59067215       1          1          3          -0.00000000e+00  5.48576548e-03   0.00000000e+00   0.00000000e+00   0.00000000e+00   0.00000000e+00   -5.48576548e-03  0.00000000e+00  
 1          68         10.07020576      1          1          1          -0.00000000e+00  5.60940506e-03   0.00000000e+00   0.00000000e+00   0.00000000e+00   0.00000000e+00   -5.60940506e-03  0.00000000e+00  
 1          68         10.07020576      1          1          2          -0.00000000e+00  -1.12188101e-02  0.00000000e+00   0.00000000e+00   1.12188101e-02   0.00000000e+00   0.00000000e+00   2.18362779e-18  
 1          68         10.07020576      1          1          3          -0.00000000e+00  5.60940506e-03   0.00000000e+00   0.00000000e+00   0.00000000e+00   0.00000000e+00   -5.60940506e-03  0.00000000e+00  
 1          69         10.57371605      1          1          1          -0.00000000e+00  5.73863086e-03   0.00000000e+00   0.00000000e+00   0.00000000e+00   0.00000000e+00   -5.73863086e-03  0.00000000e+00  
 1          69         10.57371605      1          1          2          -0.00000000e+00  -1.14772617e-02  0.00000000e+00   0.00000000e+00   1.14772617e-02   0.00000000e+00   0.00000000e+00   2.29280918e-18  
 1          69         10.57371605      1          1          3          -0.00000000e+00  5.73863086e-03   0.00000000e+00   0.00000000e+00   0.00000000e+00   0.00000000e+00   -5.73863086e-03  0.00000000e+00  
 1          70         11.10240185      1          1          1          -0.00000000e+00  5.87363670e-03   0.00000000e+00   0.00000000e+00   0.00000000e+00   0.00000000e+00   -5.87363670e-03  0.00000000e+00  
 1          70         11.10240185      1          1          2          -0.00000000e+00  -1.17472734e-02  0.00000000e+00   0.00000000e+00   1.17472734e-02   0.00000000e+00   0.00000000e+00   0.00000000e+00  
 1          70         11.10240185      1          1          3          -0.00000000e+00  5.87363670e-03   0.00000000e+00   0.00000000e+00   0.00000000e+00   0.00000000e+00   -5.87363670e-03  0.00000000e+00  
 1          71         11.65752194      1          1          1          -0.00000000e+00  6.01452819e-03   0.00000000e+00   0.00000000e+00   0.00000000e+00   0.00000000e+00   -6.01452819e-03  0.00000000e+00  
 1          71         11.65752194      1          1          2          -0.00000000e+00  -1.20290564e-02  0.00000000e+00   0.00000000e+00   1.20290564e-02   0.00000000e+00   0.00000000e+00   0.00000000e+00  
 1          71         11.65752194      1          1          3          -0.00000000e+00  6.01452819e-03   0.00000000e+00   0.00000000e+00   0.00000000e+00   0.00000000e+00   -6.01452819e-03  0.00000000e+00  
 1          72         12.24039804      1          1          1          -0.00000000e+00  6.16140382e-03   0.00000000e+00   0.00000000e+00   0.00000000e+00   0.00000000e+00   -6.16140382e-03  0.00000000e+00  
 1          72         12.24039804      1          1          2          -0.00000000e+00  -1.23228076e-02  0.00000000e+00   0.00000000e+00   1.23228076e-02   0.00000000e+00   0.00000000e+00   0.00000000e+00  
 1          72         12.24039804      1          1          3          -0.00000000e+00  6.16140382e-03   0.00000000e+00   0.00000000e+00   0.00000000e+00   0.00000000e+00   -6.16140382e-03  0.00000000e+00  
 1          73         12.85241794      1          1          1          -0.00000000e+00  6.31435400e-03   0.00000000e+00   0.00000000e+00   0.00000000e+00   0.00000000e+00   -6.31435400e-03  0.00000000e+00  
 1          73         12.85241794      1          1          2          -0.00000000e+00  -1.26287080e-02  0.00000000e+00   0.00000000e+00   1.26287080e-02   0.00000000e+00   0.00000000e+00   0.00000000e+00  
 1          73         12.85241794      1          1          3          -0.00000000e+00  6.31435400e-03   0.00000000e+00   0.00000000e+00   0.00000000e+00   0.00000000e+00   -6.31435400e-03  0.00000000e+00  
 1          74         13.49503884      1          1          1          -0.00000000e+00  6.47346011e-03   0.00000000e+00   0.00000000e+00   0.00000000e+00   0.00000000e+00   -6.47346011e-03  0.00000000e+00  
 1          74         13.49503884      1          1          2          -0.00000000e+00  -1.29469202e-02  0.00000000e+00   0.00000000e+00   1.29469202e-02   0.00000000e+00   0.00000000e+00   0.00000000e+00  
 1          74         13.49503884      1          1          3          -0.00000000e+00  6.47346011e-03   0.00000000e+00   0.00000000e+00   0.00000000e+00   0.00000000e+00   -6.47346011e-03  0.00000000e+00  
 1          75         14.16979078      1          1          1          -0.00000000e+00  6.63879356e-03   0.00000000e+00   0.00000000e+00   0.00000000e+00   0.00000000e+00   -6.63879356e-03  0.00000000e+00  
 1          75         14.16979078      1          1          2          -0.00000000e+00  -1.32775871e-02  0.00000000e+00   0.00000000e+00   1.32775871e-02   0.00000000e+00   0.00000000e+00   0.00000000e+00  
 1          75         14.16979078      1          1          3          -0.00000000e+00  6.63879356e-03   0.00000000e+00   0.00000000e+00   0.00000000e+00   0.00000000e+00   -6.63879356e-03  0.00000000e+00  
 1          76         14.87828032      1          1          1          -0.00000000e+00  6.81041469e-03   0.00000000e+00   0.00000000e+00   0.00000000e+00   0.00000000e+00   -6.81041469e-03  0.00000000e+00  
 1          76         14.87828032      1          1          2          -0.00000000e+00  -1.36208294e-02  0.00000000e+00   0.00000000e+00   1.36208294e-02   0.00000000e+00   0.00000000e+00   0.00000000e+00  
 1          76         14.87828032      1          1          3          -0.00000000e+00  6.81041469e-03   0.00000000e+00   0.00000000e+00   0.00000000e+00   0.00000000e+00   -6.81041469e-03  0.00000000e+00  
 1          77         15.62219433      1          1          1          -0.00000000e+00  6.98837160e-03   0.00000000e+00   0.00000000e+00   0.00000000e+00   0.00000000e+00   -6.98837160e-03  0.00000000e+00  
 1          77         15.62219433      1          1          2          -0.00000000e+00  -1.39767432e-02  0.00000000e+00   0.00000000e+00   1.39767432e-02   0.00000000e+00   0.00000000e+00   0.00000000e+00  
 1          77         15.62219433      1          1          3          -0.00000000e+00  6.98837160e-03   0.00000000e+00   0.00000000e+00   0.00000000e+00   0.00000000e+00   -6.98837160e-03  0.00000000e+00  
 1          78         16.40330405      1          1          1          -0.00000000e+00  7.17269882e-03   0.00000000e+00   0.00000000e+00   0.00000000e+00   0.00000000e+00   -7.17269882e-03  0.00000000e+00  
 1          78         16.40330405      1          1          2          -0.00000000e+00  -1.43453976e-02  0.00000000e+00   0.00000000e+00   1.43453976e-02   0.00000000e+00   0.00000000e+00   0.00000000e+00  
 1          78         16.40330405      1          1          3          -0.00000000e+00  7.17269882e-03   0.00000000e+00   0.00000000e+00   0.00000000e+00   0.00000000e+00   -7.17269882e-03  0.00000000e+00  
 1          79         17.22346925      1          1          1          -0.00000000e+00  7.36341583e-03   0.00000000e+00   0.00000000e+00   0.00000000e+00   0.00000000e+00   -7.36341583e-03  0.00000000e+00  
 1          79         17.22346925      1          1          2          -0.00000000e+00  -1.47268317e-02  0.00000000e+00   0.00000000e+00   1.47268317e-02   0.00000000e+00   0.00000000e+00   0.00000000e+00  
 1          79         17.22346925      1          1          3          -0.00000000e+00  7.36341583e-03   0.00000000e+00   0.00000000e+00   0.00000000e+00   0.00000000e+00   -7.36341583e-03  0.00000000e+00  
 1          80         18.08464272      1          1          1          -0.00000000e+00  7.56052527e-03   0.00000000e+00   0.00000000e+00   0.00000000e+00   0.00000000e+00   -7.56052527e-03  0.00000000e+00  
 1          80         18.08464272      1          1          2          -0.00000000e+00  -1.51210505e-02  0.00000000e+00   0.00000000e+00   1.51210505e-02   0.00000000e+00   0.00000000e+00   -1.96074089e-18 
 1          80         18.08464272      1          1          3          -0.00000000e+00  7.56052527e-03   0.00000000e+00   0.00000000e+00   0.00000000e+00   0.00000000e+00   -7.56052527e-03  0.00000000e+00  
 1          81         18.98887485      1          1          1          -0.00000000e+00  7.76401100e-03   0.00000000e+00   0.00000000e+00   0.00000000e+00   0.00000000e+00   -7.76401100e-03  0.00000000e+00  
 1          81         18.98887485      1          1          2          -0.00000000e+00  -1.55280220e-02  0.00000000e+00   0.00000000e+00   1.55280220e-02   0.00000000e+00   0.00000000e+00   2.05877794e-18  
 1          81         18.98887485      1          1          3          -0.00000000e+00  7.76401100e-03   0.00000000e+00   0.00000000e+00   0.00000000e+00   0.00000000e+00   -7.76401100e-03  0.00000000e+00  
 1          82         19.93831860      1          1          1          -0.00000000e+00  7.97383580e-03   0.00000000e+00   0.00000000e+00   0.00000000e+00   0.00000000e+00   -7.97383580e-03  0.00000000e+00  
 1          82         19.93831860      1          1          2          -0.00000000e+00  -1.59476716e-02  0.00000000e+00   0.00000000e+00   1.59476716e-02   0.00000000e+00   0.00000000e+00   0.00000000e+00  
 1          82         19.93831860      1          1          3          -0.00000000e+00  7.97383580e-03   0.00000000e+00   0.00000000e+00   0.00000000e+00   0.00000000e+00   -7.97383580e-03  0.00000000e+00  
 1          83         20.93523452      1          1          1          -0.00000000e+00  8.18993879e-03   0.00000000e+00   0.00000000e+00   0.00000000e+00   0.00000000e+00   -8.18993879e-03  0.00000000e+00  
 1          83         20.93523452      1          1          2          -0.00000000e+00  -1.63798776e-02  0.00000000e+00   0.00000000e+00   1.63798776e-02   0.00000000e+00   0.00000000e+00   0.00000000e+00  
 1          83         20.93523452      1          1          3          -0.00000000e+00  8.18993879e-03   0.00000000e+00   0.00000000e+00   0.00000000e+00   0.00000000e+00   -8.18993879e-03  0.00000000e+00  
 1          84         21.98199625      1          1          1          -0.00000000e+00  8.41223258e-03   0.00000000e+00   0.00000000e+00   0.00000000e+00   0.00000000e+00   -8.41223258e-03  0.00000000e+00  
 1          84         21.98199625      1          1          2          -0.00000000e+00  -1.68244652e-02  0.00000000e+00   0.00000000e+00   1.68244652e-02   0.00000000e+00   0.00000000e+00   0.00000000e+00  
 1          84         21.98199625      1          1          3          -0.00000000e+00  8.41223258e-03   0.00000000e+00   0.00000000e+00   0.00000000e+00   0.00000000e+00   -8.41223258e-03  0.00000000e+00  
 1          85         23.08109606      1          1          1          -0.00000000e+00  8.64060015e-03   0.00000000e+00   0.00000000e+00   0.00000000e+00   0.00000000e+00   -8.64060015e-03  0.00000000e+00  
 1          85         23.08109606      1          1          2          -0.00000000e+00  -1.72812003e-02  0.00000000e+00   0.00000000e+00   1.72812003e-02   0.00000000e+00   0.00000000e+00   0.00000000e+00  
 1          85         23.08109606      1          1          3          -0.00000000e+00  8.64060015e-03   0.00000000e+00   0.00000000e+00   0.00000000e+00   0.00000000e+00   -8.64060015e-03  0.00000000e+00  
 1          86         24.23515087      1          1          1          -0.00000000e+00  8.87489152e-03   0.00000000e+00   0.00000000e+00   0.00000000e+00   0.00000000e+00   -8.87489152e-03  0.00000000e+00  
 1          86         24.23515087      1          1          2          -0.00000000e+00  -1.77497830e-02  0.00000000e+00   0.00000000e+00   1.77497830e-02   0.00000000e+00   0.00000000e+00   -2.62758032e-18 
 1          86         24.23515087      1          1          3          -0.00000000e+00  8.87489152e-03   0.00000000e+00   0.00000000e+00   0.00000000e+00   0.00000000e+00   -8.87489152e-03  0.00000000e+00  
 1          87         25.44690841      1          1          1          -0.00000000e+00  9.11492040e-03   0.00000000e+00   0.00000000e+00   0.00000000e+00   0.00000000e+00   -9.11492040e-03  0.00000000e+00  
 1          87         25.44690841      1          1          2          -0.00000000e+00  -1.82298408e-02  0.00000000e+00   0.00000000e+00   1.82298408e-02   0.00000000e+00   0.00000000e+00   0.00000000e+00  
 1          87         25.44690841      1          1          3          -0.00000000e+00  9.11492040e-03   0.00000000e+00   0.00000000e+00   0.00000000e+00   0.00000000e+00   -9.11492040e-03  0.00000000e+00  
 1          88         26.71925383      1          1          1          -0.00000000e+00  9.36046066e-03   0.00000000e+00   0.00000000e+00   0.00000000e+00   0.00000000e+00   -9.36046066e-03  0.00000000e+00  
 1          88         26.71925383      1          1          2          -0.00000000e+00  -1.87209213e-02  0.00000000e+00   0.00000000e+00   1.87209213e-02   0.00000000e+00   0.00000000e+00   2.89690731e-18  
 1          88         26.71925383      1          1          3          -0.00000000e+00  9.36046066e-03   0.00000000e+00   0.00000000e+00   0.00000000e+00   0.00000000e+00   -9.36046066e-03  0.00000000e+00  
 1          89         28.05521652      1          1          1          -0.00000000e+00  9.61124313e-03   0.00000000e+00   0.00000000e+00   0.00000000e+00   0.00000000e+00   -9.61124313e-03  0.00000000e+00  
 1          89         28.05521652      1          1          2          -0.00000000e+00  -1.92224863e-02  0.00000000e+00   0.00000000e+00   1.92224863e-02   0.00000000e+00   0.00000000e+00   3.04175267e-18  
 1          89         28.05521652      1          1          3          -0.00000000e+00  9.61124313e-03   0.00000000e+00   0.00000000e+00   0.00000000e+00   0.00000000e+00   -9.61124313e-03  0.00000000e+00  
 1          90         29.45797735      1          1          1          -0.00000000e+00  9.86695257e-03   0.00000000e+00   0.00000000e+00   0.00000000e+00   0.00000000e+00   -9.86695257e-03  0.00000000e+00  
 1          90         29.45797735      1          1          2          -0.00000000e+00  -1.97339051e-02  0.00000000e+00   0.00000000e+00   1.97339051e-02   0.00000000e+00   0.00000000e+00   -3.19384030e-18 
 1          90         29.45797735      1          1          3          -0.00000000e+00  9.86695257e-03   0.00000000e+00   0.00000000e+00   0.00000000e+00   0.00000000e+00   -9.86695257e-03  0.00000000e+00  
 1          91         30.93087622      1          1          1          -0.00000000e+00  1.01272251e-02   0.00000000e+00   0.00000000e+00   0.00000000e+00   0.00000000e+00   -1.01272251e-02  0.00000000e+00  
 1          91         30.93087622      1          1          2          -0.00000000e+00  -2.02544503e-02  0.00000000e+00   0.00000000e+00   2.02544503e-02   0.00000000e+00   0.00000000e+00   0.00000000e+00  
 1          91         30.93087622      1          1          3          -0.00000000e+00  1.01272251e-02   0.00000000e+00   0.00000000e+00   0.00000000e+00   0.00000000e+00   -1.01272251e-02  0.00000000e+00  
 1          92         32.47742003      1          1          1          -0.00000000e+00  1.03916465e-02   0.00000000e+00   0.00000000e+00   0.00000000e+00   0.00000000e+00   -1.03916465e-02  0.00000000e+00  
 1          92         32.47742003      1          1          2          -0.00000000e+00  -2.07832930e-02  0.00000000e+00   0.00000000e+00   2.07832930e-02   0.00000000e+00   0.00000000e+00   0.00000000e+00  
 1          92         32.47742003      1          1          3          -0.00000000e+00  1.03916465e-02   0.00000000e+00   0.00000000e+00   0.00000000e+00   0.00000000e+00   -1.03916465e-02  0.00000000e+00  
 1          93         34.10129103      1          1          1          -0.00000000e+00  1.06597506e-02   0.00000000e+00   0.00000000e+00   0.00000000e+00   0.00000000e+00   -1.06597506e-02  0.00000000e+00  
 1          93         34.10129103      1          1          2          -0.00000000e+00  -2.13195011e-02  0.00000000e+00   0.00000000e+00   2.13195011e-02   0.00000000e+00   0.00000000e+00   0.00000000e+00  
 1          93         34.10129103      1          1          3          -0.00000000e+00  1.06597506e-02   0.00000000e+00   0.00000000e+00   0.00000000e+00   0.00000000e+00   -1.06597506e-02  0.00000000e+00  
 1          94         35.80635558      1          1          1          -0.00000000e+00  1.09310194e-02   0.00000000e+00   0.00000000e+00   0.00000000e+00   0.00000000e+00   -1.09310194e-02  0.00000000e+00  
 1          94         35.80635558      1          1          2          -0.00000000e+00  -2.18620389e-02  0.00000000e+00   0.00000000e+00   2.18620389e-02   0.00000000e+00   0.00000000e+00   0.00000000e+00  
 1          94         35.80635558      1          1          3          -0.00000000e+00  1.09310194e-02   0.00000000e+00   0.00000000e+00   0.00000000e+00   0.00000000e+00   -1.09310194e-02  0.00000000e+00  
 1          95         37.59667336      1          1          1          -0.00000000e+00  1.12048840e-02   0.00000000e+00   0.00000000e+00   0.00000000e+00   0.00000000e+00   -1.12048840e-02  0.00000000e+00  
 1          95         37.59667336      1          1          2          -0.00000000e+00  -2.24097681e-02  0.00000000e+00   0.00000000e+00   2.24097681e-02   0.00000000e+00   0.00000000e+00   4.07623949e-18  
 1          95         37.59667336      1          1          3          -0.00000000e+00  1.12048840e-02   0.00000000e+00   0.00000000e+00   0.00000000e+00   0.00000000e+00   -1.12048840e-02  0.00000000e+00  
 1          96         39.47650703      1          1          1          -0.00000000e+00  1.14807260e-02   0.00000000e+00   0.00000000e+00   0.00000000e+00   0.00000000e+00   -1.14807260e-02  0.00000000e+00  
 1          96         39.47650703      1          1          2          -0.00000000e+00  -2.29614520e-02  0.00000000e+00   0.00000000e+00   2.29614520e-02   0.00000000e+00   0.00000000e+00   0.00000000e+00  
 1          96         39.47650703      1          1          3          -0.00000000e+00  1.14807260e-02   0.00000000e+00   0.00000000e+00   0.00000000e+00   0.00000000e+00   -1.14807260e-02  0.00000000e+00  
 1          97         41.45033238      1          1          1          -0.00000000e+00  1.17578806e-02   0.00000000e+00   0.00000000e+00   0.00000000e+00   0.00000000e+00   -1.17578806e-02  0.00000000e+00  
 1          97         41.45033238      1          1          2          -0.00000000e+00  -2.35157612e-02  0.00000000e+00   0.00000000e+00   2.35157612e-02   0.00000000e+00   0.00000000e+00   0.00000000e+00  
 1          97         41.45033238      1          1          3          -0.00000000e+00  1.17578806e-02   0.00000000e+00   0.00000000e+00   0.00000000e+00   0.00000000e+00   -1.17578806e-02  0.00000000e+00  
 1          98         43.52284900      1          1          1          -0.00000000e+00  1.20356407e-02   0.00000000e+00   0.00000000e+00   0.00000000e+00   0.00000000e+00   -1.20356407e-02  0.00000000e+00  
 1          98         43.52284900      1          1          2          -0.00000000e+00  -2.40712814e-02  0.00000000e+00   0.00000000e+00   2.40712814e-02   0.00000000e+00   0.00000000e+00   0.00000000e+00  
 1          98         43.52284900      1          1          3          -0.00000000e+00  1.20356407e-02   0.00000000e+00   0.00000000e+00   0.00000000e+00   0.00000000e+00   -1.20356407e-02  0.00000000e+00  
 1          99         45.69899145      1          1          1          -0.00000000e+00  1.23130628e-02   0.00000000e+00   0.00000000e+00   0.00000000e+00   0.00000000e+00   -1.23130628e-02  0.00000000e+00  
 1          99         45.69899145      1          1          2          -0.00000000e+00  -2.46261256e-02  0.00000000e+00   0.00000000e+00   2.46261256e-02   0.00000000e+00   0.00000000e+00   0.00000000e+00  
 1          99         45.69899145      1          1          3          -0.00000000e+00  1.23130628e-02   0.00000000e+00   0.00000000e+00   0.00000000e+00   0.00000000e+00   -1.23130628e-02  0.00000000e+00  
 1          100        47.98394102      1          1          1          -0.00000000e+00  1.25897458e-02   0.00000000e+00   0.00000000e+00   0.00000000e+00   0.00000000e+00   -1.25897458e-02  0.00000000e+00  
 1          100        47.98394102      1          1          2          -0.00000000e+00  -2.51794916e-02  0.00000000e+00   0.00000000e+00   2.51794916e-02   0.00000000e+00   0.00000000e+00   -5.20242931e-18 
 1          100        47.98394102      1          1          3          -0.00000000e+00  1.25897458e-02   0.00000000e+00   0.00000000e+00   0.00000000e+00   0.00000000e+00   -1.25897458e-02  0.00000000e+00  
